[header]
width=80
height=40
tilewidth=64
tileheight=32
orientation=isometric
background_color=0,0,0,255
hero_pos=26,28
music=music/magical_theme.ogg
parallax_layers=maps/parallax/snow.txt
tileset=tilesetdefs/tileset_snowplains.txt
title=Frozen Path

[tilesets]
tileset=../../../tiled/snowplains/tiled_collision.png,64,32,0,0
tileset=../../../tiled/snowplains/snowplains.png,64,128,0,0
tileset=../../../tiled/snowplains/snowplains_water.png,64,64,0,32
tileset=../../../tiled/snowplains/snowplains_structures.png,64,256,0,0
tileset=../../../tiled/snowplains/snowplains_trees.png,128,256,-32,0
tileset=../../../tiled/snowplains/set_rules.png,64,32,0,0
tileset=../../../tiled/snowplains/tiled_snowplains_2x2.png,128,64,0,16
tileset=../../../tiled/snowplains/snowplains_ice.png,64,128,0,32
tileset=../../../tiled/snowplains/snowplains_other.png,64,128,0,0
tileset=../../../tiled/snowplains/snowplains_rottentower.png,358,358,0,48

[layer]
type=background
data=
31,27,24,25,24,24,24,29,24,24,29,29,24,29,17,25,25,25,24,24,24,29,24,24,30,25,19,16,17,17,29,29,30,31,27,24,24,24,29,17,29,30,30,27,27,17,29,30,31,16,27,27,27,27,27,27,29,27,24,27,27,27,27,29,29,29,29,29,29,29,24,24,24,25,24,29,30,31,27,24,
31,27,24,25,24,24,24,29,24,24,29,24,29,17,25,25,25,24,25,24,24,24,29,24,29,25,19,16,17,17,29,29,30,31,27,24,24,24,29,17,29,29,29,30,27,27,17,29,16,27,27,27,27,29,27,27,27,24,24,27,27,27,27,27,29,29,29,29,29,29,29,29,24,25,24,29,30,31,27,24,
31,27,24,25,24,24,24,29,24,24,29,24,17,25,25,24,24,24,25,24,24,24,29,24,17,25,19,16,17,17,29,29,30,31,27,24,24,24,29,17,29,17,17,29,30,27,27,17,16,27,27,27,27,27,24,427,27,27,27,27,27,27,27,27,27,29,29,29,29,29,29,29,29,25,25,24,29,30,31,27,
31,27,24,25,24,24,24,29,24,24,29,29,25,25,24,30,31,27,24,25,24,24,24,27,29,25,19,16,17,17,29,29,30,31,27,24,24,29,29,29,29,29,29,17,29,30,27,27,16,27,27,27,24,0,27,27,27,27,27,27,27,27,27,27,27,27,29,29,29,29,29,29,29,24,25,24,29,30,31,27,
31,27,24,25,24,24,24,29,24,24,29,17,25,24,29,30,31,27,24,25,24,24,24,27,30,25,19,16,17,17,29,29,30,31,27,24,24,29,24,29,29,30,30,29,17,29,30,27,27,27,27,24,0,27,27,27,27,27,27,27,27,27,27,27,27,27,29,29,29,29,29,29,29,24,25,24,29,30,31,27,
31,27,24,25,24,24,24,29,30,31,27,24,25,24,24,24,29,31,27,24,25,24,17,30,25,19,16,17,17,29,29,30,31,27,24,24,29,29,24,29,29,25,25,30,29,17,29,30,29,27,27,24,27,27,27,432,429,437,27,27,27,27,27,27,27,27,27,29,29,27,24,27,27,24,25,25,24,29,30,31,
31,27,24,25,24,24,24,29,29,30,31,27,24,25,24,24,24,29,31,27,24,25,27,29,25,19,16,17,17,29,29,30,31,27,24,24,29,24,29,29,29,30,25,25,30,29,17,29,29,27,27,27,27,27,27,424,0,441,425,145,149,157,27,27,27,27,27,27,29,27,24,25,27,27,24,25,24,29,30,31,
31,27,24,25,24,24,24,29,17,29,30,31,27,24,25,24,24,24,29,27,24,17,27,17,25,19,16,17,17,29,29,30,31,27,24,29,29,24,17,29,29,30,25,19,25,30,29,17,29,27,29,27,27,27,27,428,0,0,0,176,176,150,27,27,27,27,27,27,27,27,24,25,29,27,24,25,24,29,30,31,
31,27,24,25,24,24,24,29,17,29,30,31,27,24,25,24,24,24,29,31,27,27,30,29,25,19,16,17,17,29,29,30,31,27,24,29,24,29,25,29,29,30,25,19,16,25,30,29,29,27,27,27,29,27,27,428,0,0,176,176,176,165,153,27,27,27,27,27,27,27,27,24,25,27,24,25,24,29,30,31,
31,27,24,25,24,24,24,29,27,17,29,30,31,27,24,25,24,24,24,29,27,27,29,30,25,19,16,17,17,29,29,30,31,27,24,24,24,17,25,29,29,30,31,25,19,16,25,30,29,27,27,27,27,27,27,439,443,0,176,176,176,176,176,145,153,27,27,27,29,27,27,24,25,27,27,25,24,29,30,31,
31,27,24,25,24,24,24,29,27,17,29,30,31,27,24,25,24,24,24,29,17,30,17,25,19,16,17,17,29,29,30,31,27,24,24,24,29,25,24,29,29,30,31,25,19,16,17,25,30,29,27,27,24,27,27,27,428,0,176,176,176,176,176,176,430,27,27,27,29,29,27,24,25,29,27,25,24,29,30,31,
31,27,24,25,24,24,24,29,30,27,17,29,30,31,27,24,25,24,24,24,29,29,29,25,19,16,17,17,29,29,30,31,27,24,24,29,17,25,17,24,29,30,31,27,25,19,16,17,25,30,29,27,27,27,27,27,428,0,0,176,176,176,176,442,438,27,27,27,29,29,27,24,25,29,27,25,25,24,29,30,
31,27,24,25,24,24,24,29,29,27,27,17,29,30,31,27,24,25,24,24,24,29,30,25,19,16,17,17,29,29,30,31,27,24,29,17,25,24,29,27,27,30,31,27,24,25,19,16,17,25,30,29,17,27,27,27,439,431,447,176,446,427,427,434,27,27,27,27,29,29,27,24,25,29,27,24,25,24,29,30,
31,27,24,25,24,24,24,29,17,30,27,27,17,29,30,31,27,24,25,24,24,24,29,27,27,17,17,29,29,30,35,35,37,35,35,32,32,37,33,35,35,33,35,35,35,35,35,35,35,35,35,35,35,35,27,27,27,27,435,431,438,29,27,27,24,27,27,24,29,29,24,25,29,24,29,24,25,24,29,30,
27,24,25,24,24,24,29,29,29,29,30,27,17,29,30,31,27,24,25,24,24,24,29,29,29,27,27,27,29,30,35,33,34,37,34,35,33,34,32,33,37,37,34,32,32,35,36,37,33,35,36,32,32,35,24,29,29,29,29,27,27,24,29,29,27,27,24,29,29,29,24,25,29,24,29,24,25,24,29,30,
27,24,25,24,24,24,29,24,30,17,29,30,27,17,29,30,31,27,24,25,29,29,27,27,27,27,27,27,27,27,37,33,34,35,37,33,37,32,35,34,34,32,33,35,35,32,34,35,35,35,35,32,36,34,27,29,29,24,24,29,27,29,24,24,29,27,27,29,29,29,27,25,29,24,29,25,24,29,30,31,
27,24,25,24,24,24,29,24,25,29,17,29,27,17,29,30,31,27,24,25,24,24,29,29,29,27,27,27,27,27,32,35,32,27,27,27,27,27,27,27,27,24,29,27,27,29,29,27,27,27,27,34,32,36,27,24,24,29,29,24,29,29,29,29,24,29,29,27,27,27,27,27,27,29,29,25,24,29,30,31,
27,24,25,24,24,24,29,29,17,30,29,17,30,17,29,30,31,27,24,25,29,29,24,24,24,27,27,27,27,27,37,37,34,27,27,27,27,27,27,27,27,27,24,29,27,24,24,29,29,27,27,37,36,35,27,29,29,29,24,29,29,24,24,24,29,29,29,27,27,27,27,27,27,29,29,25,24,29,30,31,
27,24,25,24,24,24,29,17,17,25,30,29,29,27,17,29,30,31,27,24,25,24,29,29,29,27,27,30,29,29,34,34,32,27,27,29,27,27,27,27,27,27,27,24,29,29,29,24,24,27,27,37,34,35,27,27,27,29,24,29,29,27,27,29,24,24,29,29,27,27,27,27,27,29,29,25,24,29,30,31,
27,24,25,24,24,24,29,25,17,29,25,30,17,27,17,29,30,31,27,24,25,24,24,24,29,29,29,30,31,27,35,35,32,24,24,24,29,27,27,27,27,27,27,29,24,24,29,29,29,27,27,35,33,37,32,35,35,37,35,36,36,34,33,35,37,33,35,34,37,32,33,33,37,34,35,35,29,30,31,27,
31,27,24,25,24,24,24,29,17,29,29,25,29,30,17,29,30,31,27,24,25,24,24,24,29,29,29,30,31,27,35,35,35,29,29,29,29,27,27,27,27,27,27,29,29,29,24,29,27,27,24,35,33,32,32,36,33,35,36,32,33,32,36,37,36,34,33,36,37,32,36,33,34,33,33,37,30,31,27,24,
31,27,24,25,24,24,24,29,17,17,29,29,30,29,27,17,29,30,31,27,24,25,24,24,24,29,30,31,27,24,35,35,35,17,17,29,27,27,31,27,29,27,27,29,17,17,29,29,27,27,27,35,35,32,33,33,34,33,35,32,32,35,37,32,37,35,36,36,34,35,36,34,35,36,35,36,30,31,27,24,
31,27,24,25,24,24,24,29,17,17,29,29,25,17,27,17,29,30,31,27,24,25,24,24,24,29,30,31,27,24,25,19,16,17,17,29,29,30,31,27,24,25,29,24,19,16,17,17,29,29,30,31,27,24,24,24,27,27,27,25,24,27,24,25,29,24,24,25,25,24,27,27,31,27,24,25,31,27,24,25,
31,27,24,25,24,24,24,29,29,17,17,29,29,29,30,27,17,29,30,31,27,24,25,24,24,24,29,30,31,27,25,19,16,17,17,29,29,30,31,27,24,25,17,24,16,17,25,19,16,17,17,29,29,30,31,27,24,27,25,24,24,27,24,25,29,24,24,24,25,29,27,27,31,27,24,25,31,27,24,25,
31,27,24,25,24,24,24,29,29,17,17,29,29,30,29,27,17,29,30,31,27,24,25,24,24,24,29,29,29,30,31,25,19,16,17,17,29,29,30,31,27,24,25,29,19,16,17,17,29,29,25,19,16,17,17,29,29,30,25,24,27,27,24,25,29,24,24,24,25,25,24,29,30,31,27,24,25,27,24,25,
31,27,24,25,24,24,24,29,24,29,17,29,29,25,17,30,27,17,29,30,31,27,24,25,24,24,24,29,17,29,30,25,19,16,17,17,29,29,30,31,27,24,25,17,25,19,16,17,17,29,29,30,31,27,24,24,25,25,24,24,27,27,24,25,29,24,27,24,24,25,24,29,30,31,27,24,25,27,24,25,
31,27,24,25,24,24,24,29,24,29,29,17,29,29,29,29,27,17,29,30,31,27,24,25,24,24,24,29,22,17,29,30,25,19,16,17,17,29,29,30,31,27,24,25,22,23,25,19,16,17,17,29,29,30,31,27,24,25,24,27,27,27,24,25,29,24,27,27,24,25,25,24,29,30,31,27,24,25,24,25,
31,27,24,25,24,24,24,29,29,24,29,29,29,29,30,17,30,17,29,30,31,27,24,25,24,24,24,29,25,27,29,29,25,19,16,17,17,29,29,30,31,27,24,25,26,27,24,25,25,19,16,17,17,29,29,30,25,24,24,27,27,24,25,29,24,29,27,27,24,24,25,24,29,30,31,27,24,25,24,25,
31,27,24,25,24,24,24,29,17,24,24,29,29,29,29,29,29,17,29,30,31,27,24,25,24,24,24,29,29,31,17,29,29,25,19,16,17,17,29,29,30,31,27,24,30,31,28,29,30,31,28,29,30,17,29,30,25,24,27,27,27,24,25,29,24,29,27,27,27,24,25,24,29,30,31,27,24,25,25,25,
31,27,24,25,24,24,24,29,25,29,24,24,24,29,29,29,17,17,17,29,30,31,27,24,25,24,24,24,29,25,16,17,29,25,19,16,17,17,29,29,30,31,27,24,18,27,24,25,18,19,16,17,27,27,24,25,24,24,27,27,24,25,29,24,29,29,27,27,27,24,25,25,24,29,30,31,27,24,25,25,
30,31,27,24,25,24,24,24,29,17,29,24,24,24,24,29,29,27,17,29,30,31,27,24,25,24,24,24,29,29,25,21,17,17,18,19,16,17,29,23,20,23,20,29,30,27,27,24,25,23,29,29,30,27,27,24,24,27,27,27,24,25,29,24,29,29,27,24,27,27,24,25,24,29,30,31,27,24,25,27,
30,31,27,24,25,24,24,24,29,25,17,29,29,24,24,24,29,29,17,29,30,31,27,24,25,24,24,24,29,17,29,25,26,27,24,25,26,17,29,23,20,27,24,29,27,24,25,24,25,29,17,29,29,30,27,27,24,27,27,24,25,29,24,29,29,29,29,30,27,27,24,25,24,29,30,31,27,24,25,31,
30,31,27,24,25,24,24,24,29,25,25,17,17,29,29,24,24,29,29,29,30,31,27,24,25,24,24,24,29,16,17,29,30,31,28,29,30,17,29,23,20,25,29,30,27,24,25,24,25,17,18,17,29,29,30,31,27,27,27,24,25,29,24,29,29,29,29,30,27,27,24,25,24,29,30,31,27,24,25,30,
29,30,31,27,24,25,24,24,24,29,25,25,25,17,17,29,24,24,29,29,29,29,27,24,25,24,24,24,29,19,16,17,25,19,16,17,29,17,29,23,20,29,29,30,31,27,24,25,25,18,19,16,17,17,29,30,27,27,24,25,29,24,29,29,29,24,29,30,31,27,27,25,24,29,30,31,27,24,25,25,
29,30,31,27,24,25,24,24,24,29,24,25,25,25,25,17,29,24,24,24,29,29,29,25,24,24,24,29,29,19,16,17,29,23,20,29,17,17,29,23,20,17,17,29,30,27,24,25,24,25,16,17,17,29,27,24,27,27,24,25,29,24,29,29,29,24,29,30,31,27,27,25,25,24,29,30,31,27,24,25,
24,30,31,27,24,25,24,24,24,29,27,24,24,25,25,25,17,29,24,24,24,24,29,29,29,29,29,29,29,18,19,16,17,25,24,29,17,29,23,20,25,25,19,29,27,24,25,25,25,25,25,25,29,30,31,28,27,24,25,29,24,29,29,29,31,25,29,30,31,27,27,24,25,24,29,30,31,27,24,25,
24,24,31,27,24,27,27,24,25,24,24,27,24,25,24,24,24,24,29,29,24,24,24,29,29,29,29,24,24,18,19,16,29,29,30,31,17,29,23,20,25,29,27,24,25,27,24,25,24,24,24,24,25,25,19,16,27,24,25,29,24,29,29,29,30,27,25,31,27,24,27,24,25,24,29,30,31,27,24,25,
25,24,24,24,27,27,27,27,24,25,24,24,24,24,25,24,24,24,24,24,24,24,27,24,27,24,25,24,24,24,24,24,24,24,24,29,17,29,23,20,25,27,24,25,25,27,24,25,24,24,24,24,24,29,25,18,27,24,25,29,24,29,29,29,25,31,27,25,27,24,25,24,25,24,29,30,31,27,24,25,
24,25,24,24,24,27,27,27,27,24,25,24,24,24,24,25,24,24,24,24,24,24,24,27,24,25,24,24,24,24,24,24,24,24,24,24,17,29,27,24,25,24,24,24,24,24,24,25,24,24,24,24,24,17,29,25,27,24,25,29,24,29,29,29,24,30,31,27,27,24,25,27,25,25,24,29,30,31,27,24,
24,25,24,24,24,31,27,27,27,27,24,25,24,24,24,27,24,25,24,24,24,24,24,27,27,24,25,24,24,24,24,24,24,24,24,24,24,24,24,24,24,24,24,24,24,24,24,24,25,24,24,24,24,24,24,24,27,24,25,29,24,29,29,29,24,25,30,31,25,25,27,27,25,25,24,29,30,31,27,24

[layer]
type=background_fringe
data=
0,0,0,0,0,0,0,0,0,0,0,0,0,0,0,0,0,0,0,0,0,0,0,0,0,0,0,0,0,0,0,0,0,0,0,0,0,0,0,0,0,0,0,0,0,0,0,0,0,0,0,0,0,0,0,0,0,0,0,0,0,0,0,0,0,0,0,0,0,0,0,0,0,0,0,0,0,0,0,0,
0,0,0,0,0,0,0,0,0,0,0,0,0,0,0,0,0,0,0,0,0,0,0,0,0,0,0,0,0,0,0,0,0,0,0,0,0,0,0,0,0,0,0,0,0,0,0,0,0,0,0,0,0,0,0,0,0,0,0,0,0,0,0,0,0,0,0,0,0,0,0,0,0,0,0,0,0,0,0,0,
0,0,0,0,0,0,0,0,0,0,0,0,0,0,0,0,0,0,0,0,0,0,0,0,0,0,0,0,0,0,0,0,0,0,0,0,0,0,0,0,0,0,0,0,0,0,0,0,0,0,0,0,0,0,0,0,0,0,0,0,0,0,0,0,0,0,0,0,0,0,0,0,0,0,0,0,0,0,0,0,
0,0,0,0,0,0,0,0,0,0,0,0,0,0,0,0,0,0,0,0,0,0,0,0,0,0,0,0,0,0,0,0,0,0,0,0,0,0,0,0,0,0,0,0,0,0,0,0,0,0,0,0,0,0,0,0,0,0,0,0,0,0,0,0,0,0,0,0,0,0,0,0,0,0,0,0,0,0,0,0,
0,0,0,0,0,0,0,0,0,0,0,0,0,0,0,0,0,0,0,0,0,0,0,0,0,0,0,0,0,0,0,0,0,0,0,0,0,0,0,0,0,0,0,0,0,0,0,0,0,0,0,0,0,0,0,0,0,0,0,0,0,0,0,0,0,0,0,0,0,0,0,0,0,0,0,0,0,0,0,0,
0,0,0,0,0,0,0,0,0,0,0,0,0,0,0,0,0,0,0,0,0,0,0,0,0,0,0,0,0,0,0,0,0,0,0,0,0,0,0,0,0,0,0,0,0,0,0,0,0,0,0,0,0,0,0,0,0,0,0,0,0,0,0,0,0,0,0,0,0,0,0,0,0,0,0,0,0,0,0,0,
0,0,0,0,0,0,0,0,0,0,0,0,0,0,0,0,0,0,0,0,0,0,0,0,0,0,0,0,0,0,0,0,0,0,0,0,0,0,0,0,0,0,0,0,0,0,0,0,0,0,0,0,0,0,0,0,344,0,0,399,0,0,0,0,0,0,0,0,0,0,0,0,0,0,0,0,0,0,0,0,
0,0,0,0,0,0,0,0,0,0,0,0,0,0,0,0,0,0,0,0,0,0,0,0,0,0,0,0,0,0,0,0,0,0,0,0,0,0,0,0,0,0,0,0,0,0,0,0,0,0,0,0,0,0,0,0,344,344,344,376,0,0,0,0,0,0,0,0,0,0,0,0,0,0,0,0,0,0,0,0,
0,0,0,0,0,0,0,0,0,0,0,0,0,0,0,0,0,0,0,0,0,0,0,0,0,0,0,0,0,0,0,0,0,0,0,0,0,0,0,0,0,0,0,0,0,0,0,0,0,0,0,0,0,0,0,0,344,344,384,396,0,0,0,0,0,0,0,0,0,0,0,0,0,0,0,0,0,0,0,0,
0,0,0,0,0,0,0,0,0,0,0,0,0,0,0,0,0,0,0,0,0,0,0,0,0,0,0,0,0,0,0,0,0,0,0,0,0,0,0,0,0,0,0,0,0,0,0,0,0,0,0,0,0,0,0,0,378,344,376,0,0,0,0,0,0,0,0,0,0,0,0,0,0,0,0,0,0,0,0,0,
0,0,0,0,0,0,0,0,0,0,0,0,0,0,0,0,0,0,0,0,0,0,0,0,0,0,0,0,0,0,0,0,0,0,0,0,0,0,0,0,0,0,0,0,0,0,0,0,0,0,0,0,0,0,0,0,382,344,387,395,0,0,0,0,0,0,0,0,0,0,0,0,0,0,0,0,0,0,0,0,
0,0,0,0,0,0,0,0,0,0,0,0,0,0,0,0,0,0,0,0,0,0,0,0,0,0,0,0,0,0,0,0,0,0,0,0,0,0,0,0,0,0,0,0,0,0,0,0,0,0,0,0,0,0,0,0,0,344,344,380,0,0,393,0,0,0,0,0,0,0,0,0,0,0,0,0,0,0,0,0,
0,0,0,0,0,0,0,0,0,0,0,0,0,0,0,0,0,0,0,0,0,0,0,0,0,0,0,0,0,0,0,0,0,0,0,0,0,0,0,0,0,0,0,0,0,0,0,0,0,0,0,0,0,0,0,0,0,0,450,376,0,0,0,0,0,0,0,0,0,0,0,0,0,0,0,0,0,0,0,0,
0,0,0,0,0,0,0,0,0,0,0,0,0,0,0,0,0,0,0,0,0,0,0,0,0,0,0,0,0,0,599,585,585,585,585,585,585,585,585,585,585,585,585,585,585,585,585,585,585,585,585,585,585,596,0,0,0,0,0,0,0,0,0,0,0,0,0,0,0,0,0,0,0,0,0,0,0,0,0,0,
0,0,0,0,0,0,0,0,0,0,0,0,0,0,0,0,0,0,0,0,0,0,0,0,0,0,0,0,0,0,586,632,632,632,632,632,632,632,632,632,632,632,632,632,632,632,632,632,632,632,632,632,632,584,0,0,0,0,0,0,0,0,0,0,0,0,0,0,0,0,0,0,0,0,0,0,0,0,0,0,
0,0,0,0,0,0,0,0,0,0,0,0,0,0,0,0,0,0,0,0,0,0,0,0,0,0,0,0,0,0,586,632,600,587,587,587,587,587,587,587,587,587,587,587,587,587,587,587,587,587,587,603,632,584,0,0,0,0,0,0,0,0,0,0,0,0,0,0,0,0,0,0,0,0,0,0,0,0,0,0,
0,0,0,0,0,0,0,0,0,0,0,0,0,0,0,0,0,0,0,0,0,0,0,0,0,0,0,0,0,0,586,632,584,0,0,0,0,0,0,0,0,0,0,0,0,0,0,0,0,0,0,586,632,584,0,0,0,0,0,0,0,0,0,0,0,0,0,0,0,0,0,0,0,0,0,0,0,0,0,0,
0,0,0,0,0,0,0,0,0,0,0,0,0,0,0,0,0,0,0,0,0,0,0,0,0,0,0,0,0,0,586,632,584,0,0,0,0,0,0,0,0,0,0,0,0,0,0,0,0,0,0,586,632,584,0,0,0,0,0,0,0,0,0,0,0,0,0,0,0,0,0,0,0,0,0,0,0,0,0,0,
0,0,0,0,0,0,0,0,0,0,0,0,0,0,0,0,0,0,0,0,0,0,0,0,0,0,0,0,0,0,586,632,584,0,0,0,0,0,0,0,0,0,0,0,0,0,0,0,0,0,0,586,632,584,0,0,0,0,0,0,0,0,0,0,0,0,0,0,0,0,0,0,0,0,0,0,0,0,0,0,
0,0,0,0,0,0,0,0,0,0,0,0,0,0,0,0,0,0,0,0,0,0,0,0,0,0,0,0,0,0,586,632,584,0,0,0,0,0,0,0,0,0,0,0,0,0,0,0,0,0,0,586,632,602,585,585,585,585,585,585,585,585,585,585,585,585,585,585,585,585,585,585,585,585,585,596,0,0,0,0,
0,0,0,0,0,0,0,0,0,0,0,0,0,0,0,0,0,0,0,0,0,0,0,0,0,0,0,0,0,0,586,632,584,0,0,0,0,0,0,0,0,0,0,0,0,0,0,0,0,0,0,586,632,632,632,632,632,632,632,632,632,632,632,632,632,632,632,632,632,632,632,632,632,632,632,584,0,0,0,0,
0,0,0,0,0,0,0,0,0,0,0,0,0,0,0,0,0,0,0,0,0,0,0,0,0,0,0,0,0,0,597,587,598,0,0,0,0,0,0,0,0,0,0,0,0,0,0,0,0,0,0,597,587,587,587,587,587,587,587,587,587,587,587,587,587,587,587,587,587,587,587,587,587,587,587,598,0,0,0,0,
0,0,0,0,0,0,0,0,0,0,0,0,0,0,0,0,0,0,0,0,0,0,0,0,0,0,0,0,0,0,0,0,0,0,0,0,0,0,0,0,0,0,0,0,0,0,0,0,0,0,0,0,0,0,0,0,0,0,0,0,0,0,0,0,0,0,0,0,0,0,0,0,0,0,0,0,0,0,0,0,
0,0,0,0,0,0,0,0,0,0,0,0,0,0,0,0,0,0,0,0,0,0,0,0,0,0,0,0,0,0,0,0,0,0,0,0,0,0,0,0,0,0,0,0,0,0,0,0,0,0,0,0,0,0,0,0,0,0,0,0,0,0,0,0,0,0,0,0,0,0,0,0,0,0,0,0,0,0,0,0,
0,0,0,0,0,0,0,0,0,0,0,0,0,0,0,0,0,0,0,0,0,0,0,0,0,0,0,0,0,0,0,0,0,0,0,0,0,0,0,0,0,0,0,0,0,0,0,0,0,0,0,0,0,0,0,0,0,0,0,0,0,0,0,0,0,0,0,0,0,0,0,0,0,0,0,0,0,0,0,0,
0,0,0,0,0,0,0,0,0,0,0,0,0,0,0,0,0,0,0,0,0,0,0,0,0,0,0,0,0,0,0,0,0,0,0,0,0,0,0,0,0,0,0,0,0,0,0,0,0,0,0,0,0,0,0,0,0,0,0,0,0,0,0,0,0,0,0,0,0,0,0,0,0,0,0,0,0,0,0,0,
0,0,0,0,0,0,0,0,0,0,0,0,0,0,0,0,0,0,0,0,0,0,0,0,0,0,0,0,0,0,0,0,0,0,0,0,0,0,0,0,0,0,0,0,0,0,0,0,0,0,0,0,0,0,0,0,0,0,0,0,0,0,0,0,0,0,0,0,0,0,0,0,0,0,0,0,0,0,0,0,
0,0,0,0,0,0,0,0,0,0,0,0,0,0,0,0,0,0,0,0,0,0,0,0,0,0,0,0,0,0,0,0,0,0,0,0,0,0,0,0,0,0,0,0,0,0,0,0,0,0,0,0,0,0,0,0,0,0,0,0,0,0,0,0,0,0,0,0,0,0,0,0,0,0,0,0,0,0,0,0,
0,0,0,0,0,0,0,0,0,0,0,0,0,0,0,0,0,0,0,0,0,0,0,0,0,0,0,0,0,0,0,0,0,0,0,0,0,0,0,0,0,0,0,0,0,0,0,0,0,0,0,0,0,0,0,0,0,0,0,0,0,0,0,0,0,0,0,0,0,0,0,0,0,0,0,0,0,0,0,0,
0,0,0,0,0,0,0,0,0,0,0,0,0,0,0,0,0,0,0,0,0,0,0,0,0,0,0,0,0,0,0,0,0,0,0,0,0,0,0,0,0,0,0,0,0,0,0,0,0,0,0,0,0,0,0,0,0,0,0,0,0,0,0,0,0,0,0,0,0,0,0,0,0,0,0,0,0,0,0,0,
0,0,0,0,0,0,0,0,0,0,0,0,0,0,0,0,0,0,0,0,0,0,0,0,0,0,0,0,0,0,0,0,0,0,0,0,0,0,0,0,0,0,0,0,0,0,0,0,0,0,0,0,0,0,0,0,0,0,0,0,0,0,0,0,0,0,0,0,0,0,0,0,0,0,0,0,0,0,0,0,
0,0,0,0,0,0,0,0,0,0,0,0,0,0,0,0,0,0,0,0,0,0,0,0,0,0,0,0,0,0,0,0,0,0,0,0,0,0,0,0,0,0,0,0,0,0,0,0,0,0,0,0,0,0,0,0,0,0,0,0,0,0,0,0,0,0,0,0,0,0,0,0,0,0,0,0,0,0,0,0,
0,0,0,0,0,0,0,0,0,0,0,0,0,0,0,0,0,0,0,0,0,0,0,0,0,0,0,0,0,0,0,0,0,0,0,0,0,0,0,0,0,0,0,0,0,0,0,0,0,0,0,0,0,0,0,0,0,0,0,0,0,0,0,0,0,0,0,0,0,0,0,0,0,0,0,0,0,0,0,0,
0,0,0,0,0,0,0,0,0,0,0,0,0,0,0,0,0,0,0,0,0,0,0,0,0,0,0,0,0,0,0,0,0,0,0,0,0,0,0,0,0,0,0,0,0,0,0,0,0,0,0,0,0,0,0,0,0,0,0,0,0,0,0,0,0,0,0,0,0,0,0,0,0,0,0,0,0,0,0,0,
0,0,0,0,0,0,0,0,0,0,0,0,0,0,0,0,0,0,0,0,0,0,0,0,0,0,0,0,0,0,0,0,0,0,0,0,0,0,0,0,0,0,0,0,0,0,0,0,0,0,0,0,0,0,0,0,0,0,0,0,0,0,0,0,0,0,0,0,0,0,0,0,0,0,0,0,0,0,0,0,
0,0,0,0,0,0,0,0,0,0,0,0,0,0,0,0,0,0,0,0,0,0,0,0,0,0,0,0,0,0,0,0,0,0,0,0,0,0,0,0,0,0,0,0,0,0,0,0,0,0,0,0,0,0,0,0,0,0,0,0,0,0,0,0,0,0,0,0,0,0,0,0,0,0,0,0,0,0,0,0,
0,0,0,0,0,0,0,0,0,0,0,0,0,0,0,0,0,0,0,0,0,0,0,0,0,0,0,0,0,0,0,0,0,0,0,0,0,0,0,0,0,0,0,0,0,0,0,0,0,0,0,0,0,0,0,0,0,0,0,0,0,0,0,0,0,0,0,0,0,0,0,0,0,0,0,0,0,0,0,0,
0,0,0,0,0,0,0,0,0,0,0,0,0,0,0,0,0,0,0,0,0,0,0,0,0,0,0,0,0,0,0,0,0,0,0,0,0,0,0,0,0,0,0,0,0,0,0,0,0,0,0,0,0,0,0,0,0,0,0,0,0,0,0,0,0,0,0,0,0,0,0,0,0,0,0,0,0,0,0,0,
0,0,0,0,0,0,0,0,0,0,0,0,0,0,0,0,0,0,0,0,0,0,0,0,0,0,0,0,0,0,0,0,0,0,0,0,0,0,0,0,0,0,0,0,0,0,0,0,0,0,0,0,0,0,0,0,0,0,0,0,0,0,0,0,0,0,0,0,0,0,0,0,0,0,0,0,0,0,0,0,
0,0,0,0,0,0,0,0,0,0,0,0,0,0,0,0,0,0,0,0,0,0,0,0,0,0,0,0,0,0,0,0,0,0,0,0,0,0,0,0,0,0,0,0,0,0,0,0,0,0,0,0,0,0,0,0,0,0,0,0,0,0,0,0,0,0,0,0,0,0,0,0,0,0,0,0,0,0,0,0

[layer]
type=snow_bottom
data=
0,0,0,0,0,0,0,0,0,0,0,0,0,0,0,0,0,0,0,0,0,0,0,0,0,0,0,0,0,0,0,0,0,0,0,0,0,0,0,0,0,0,0,0,0,0,0,0,0,0,0,0,0,0,0,0,0,0,0,0,0,0,0,0,0,0,0,0,0,0,0,0,0,0,0,0,0,0,0,0,
0,0,0,0,0,0,0,0,0,0,0,0,0,0,0,0,0,0,0,0,0,0,0,0,0,0,0,0,0,0,0,0,0,0,0,0,0,0,0,0,0,0,0,0,0,0,0,0,0,0,0,0,0,0,0,0,0,0,0,0,0,0,0,0,0,0,0,0,0,0,0,0,0,0,0,0,0,0,0,0,
0,0,0,0,0,0,0,0,0,0,0,0,0,0,0,0,0,0,0,0,0,0,0,0,0,0,0,0,0,0,0,0,0,0,0,0,0,0,0,0,0,0,0,0,0,0,0,0,0,0,0,0,0,0,0,0,0,0,0,0,0,0,0,0,0,0,0,0,0,0,0,0,0,0,0,0,0,0,0,0,
0,0,0,0,0,0,0,0,0,0,0,0,0,0,0,0,0,0,0,0,0,0,0,0,0,0,0,0,0,0,0,0,0,0,0,0,0,0,0,0,0,0,0,0,0,0,0,0,0,0,0,0,0,0,0,0,0,0,0,0,0,0,0,0,0,0,0,0,0,0,0,0,0,0,0,0,0,0,0,0,
0,0,0,0,0,0,0,0,0,0,0,0,0,0,0,0,0,0,0,0,0,0,0,0,0,0,0,0,0,0,0,0,0,0,0,0,0,0,0,0,0,0,0,0,0,0,0,0,0,0,0,0,0,0,0,0,0,0,0,0,0,0,0,0,0,0,0,0,0,0,0,0,0,0,0,0,0,0,0,0,
0,0,0,0,0,0,0,0,0,0,0,0,0,0,0,0,0,0,0,0,0,0,0,0,0,0,0,0,0,0,0,0,0,0,0,0,0,0,0,0,0,0,0,0,0,0,0,0,0,0,0,0,0,0,0,0,0,0,0,0,0,0,0,0,0,0,0,0,0,0,0,0,0,0,0,0,0,0,0,0,
0,0,0,0,0,0,0,0,0,0,0,0,0,0,0,0,0,0,0,0,0,0,0,0,0,0,0,0,0,0,0,0,0,0,0,0,0,0,0,0,0,0,0,0,0,0,0,0,0,0,0,0,0,0,0,0,0,0,0,0,0,0,0,0,0,0,0,0,0,0,0,0,0,0,0,0,0,0,0,0,
0,0,0,0,0,0,0,0,0,0,0,0,0,0,0,0,0,0,0,0,0,0,0,0,0,0,0,0,0,0,0,0,0,0,0,0,0,0,0,0,0,0,0,0,0,0,0,0,0,0,0,0,0,0,0,0,0,0,0,0,0,0,0,0,0,0,0,0,0,0,0,0,0,0,0,0,0,0,0,0,
0,0,0,0,0,0,0,0,0,0,0,0,0,0,0,0,0,0,0,0,0,0,0,0,0,0,0,0,0,0,0,0,0,0,0,0,0,0,0,0,0,0,0,0,0,0,0,0,0,0,0,0,0,0,0,0,0,0,0,0,0,0,0,0,0,0,0,0,0,0,0,0,0,0,0,0,0,0,0,0,
0,0,0,0,0,0,0,0,0,0,0,0,0,0,0,0,0,0,0,0,0,0,0,0,0,0,0,0,0,0,0,0,0,0,0,0,0,0,0,0,0,0,0,0,0,0,0,0,0,0,0,0,0,0,0,0,0,0,0,0,0,0,0,0,0,0,0,0,0,0,0,0,0,0,0,0,0,0,0,0,
0,0,0,0,0,0,0,0,0,0,0,0,0,0,0,0,0,0,0,0,0,0,0,0,0,0,0,0,0,0,0,0,0,0,0,0,0,0,0,0,0,0,0,0,0,0,0,0,0,0,0,0,0,0,0,0,0,0,0,0,0,0,0,0,0,0,0,0,0,0,0,0,0,0,0,0,0,0,0,0,
0,0,0,0,0,0,0,0,0,0,0,0,0,0,0,0,0,0,0,0,0,0,0,0,0,0,0,0,0,0,0,0,0,0,0,0,0,0,0,0,0,0,0,0,0,0,0,0,0,0,0,0,0,0,0,0,0,0,0,0,0,0,0,0,0,0,0,0,0,0,0,0,0,0,0,0,0,0,0,0,
0,0,0,0,0,0,0,0,0,0,0,0,0,0,0,0,0,0,0,0,0,0,0,0,0,0,0,0,0,0,0,0,0,0,0,0,0,0,0,0,0,0,0,0,0,0,0,0,0,0,0,0,0,0,0,0,0,0,0,0,0,0,0,0,0,0,0,0,0,0,0,0,0,0,0,0,0,0,0,0,
0,0,0,0,0,0,0,0,0,0,0,0,0,0,0,0,0,0,0,0,0,0,0,0,0,0,0,0,0,0,0,0,0,0,0,0,0,0,0,0,0,0,0,0,0,0,0,0,0,0,0,0,0,0,0,0,0,0,0,0,0,0,0,0,0,0,0,0,0,0,0,0,0,0,0,0,0,0,0,0,
0,0,0,0,0,0,0,0,0,0,0,0,0,0,0,0,0,0,0,0,0,0,0,0,0,0,0,0,0,0,0,0,0,0,0,0,0,0,0,0,0,0,0,0,0,0,0,0,0,0,0,0,0,0,0,0,0,0,0,0,0,0,0,0,0,0,0,0,0,0,0,0,0,0,0,0,0,0,0,0,
0,0,0,0,0,0,0,0,0,0,0,0,0,0,0,0,0,0,0,0,0,0,0,0,0,0,0,0,0,0,0,0,0,0,0,0,0,0,0,0,0,0,0,0,0,0,0,0,0,0,0,0,0,0,0,0,0,0,0,0,0,0,0,0,0,0,0,0,0,0,0,0,0,0,0,0,0,0,0,0,
0,0,0,0,0,0,0,0,0,0,0,0,0,0,0,0,0,0,0,0,0,0,0,0,0,0,0,0,0,0,0,0,0,0,0,0,0,0,0,0,0,0,0,0,0,0,0,0,0,0,0,0,0,0,0,0,0,0,0,0,0,0,0,0,0,0,0,0,0,0,0,0,0,0,0,0,0,0,0,0,
0,0,0,0,0,0,0,0,0,0,0,0,0,0,0,0,0,0,0,0,0,0,0,0,0,0,0,0,0,0,0,0,0,0,0,0,0,0,0,0,0,0,0,0,0,0,0,0,0,0,0,0,0,0,0,0,0,0,0,0,0,0,0,0,0,0,0,0,0,0,0,0,0,0,0,0,0,0,0,0,
0,0,0,0,0,0,0,0,0,0,0,0,0,0,0,0,0,0,0,0,0,0,0,0,0,0,0,0,0,0,0,0,0,0,0,0,0,0,0,0,0,0,0,0,0,0,0,0,0,0,0,0,0,0,0,0,0,0,0,0,0,0,0,0,0,0,0,0,0,0,0,0,0,0,0,0,0,0,0,0,
0,0,0,0,0,0,0,0,0,0,0,0,0,0,0,0,0,0,0,0,0,0,0,0,0,0,0,0,0,0,0,0,0,0,0,0,0,0,0,0,0,0,0,0,0,0,0,0,0,0,0,0,0,0,0,0,0,0,0,0,0,0,0,0,0,0,0,0,0,0,0,0,0,0,0,0,0,0,0,0,
0,0,0,0,0,0,0,0,0,0,0,0,0,0,0,0,0,0,0,0,0,0,0,0,0,0,0,0,0,0,0,0,0,0,0,0,0,0,0,0,0,0,0,0,0,0,0,0,0,0,0,0,0,0,0,0,0,0,0,0,0,0,0,0,0,0,0,0,0,0,0,0,0,0,0,0,0,0,0,0,
0,0,0,0,0,0,0,0,0,0,0,0,0,0,0,0,0,0,0,0,0,0,0,0,0,0,0,0,0,0,0,0,0,0,0,0,0,0,0,0,0,0,0,0,0,0,0,0,0,0,0,0,0,0,0,0,0,0,0,0,0,0,0,0,0,0,0,0,0,0,0,0,0,0,0,0,0,0,0,0,
0,0,0,0,0,0,0,0,0,0,0,0,0,0,0,0,0,0,0,0,0,0,0,0,0,0,0,0,0,0,0,0,0,0,0,0,0,0,0,0,0,0,0,0,0,0,0,0,0,0,0,0,0,0,0,0,0,0,0,0,0,0,0,0,0,0,0,0,0,0,0,0,0,0,0,0,0,0,0,0,
0,0,0,0,0,0,0,0,0,0,0,0,0,0,0,0,0,0,0,0,0,0,0,0,0,0,0,0,0,0,0,0,0,0,0,0,0,0,0,0,0,0,0,0,0,0,0,0,0,0,0,0,0,0,0,0,0,0,0,0,0,0,0,0,0,0,0,0,0,0,0,0,0,0,0,0,0,0,0,0,
0,0,0,0,0,0,0,0,0,0,0,0,0,0,0,0,0,0,0,0,0,0,0,0,0,0,0,0,0,0,0,0,0,0,0,0,0,0,0,0,0,0,0,0,0,0,0,0,0,0,0,0,0,0,0,0,0,0,0,0,0,0,0,0,0,0,0,0,0,0,0,0,0,0,0,0,0,0,0,0,
0,0,0,0,0,0,0,0,0,0,0,0,0,0,0,0,0,0,0,0,0,0,0,0,0,0,0,0,0,0,0,0,0,0,0,0,0,0,0,0,0,0,0,0,0,0,0,0,0,0,0,0,0,0,0,0,0,0,0,0,0,0,0,0,0,0,0,0,0,0,0,0,0,0,0,0,0,0,0,0,
0,0,0,0,0,0,0,0,0,0,0,0,0,0,0,0,0,0,0,0,0,0,0,0,0,0,0,0,0,0,0,0,0,0,0,0,0,0,0,0,0,0,0,0,0,0,0,0,0,0,0,0,0,0,0,0,0,0,0,0,0,0,0,0,0,0,0,0,0,0,0,0,0,0,0,0,0,0,0,0,
0,0,0,0,0,0,0,0,0,0,0,0,0,0,0,0,0,0,0,0,0,0,0,0,0,0,0,0,0,0,0,0,0,0,0,0,0,0,0,0,0,0,0,0,0,0,0,0,0,0,0,0,0,0,0,0,0,0,0,0,0,0,0,0,0,0,0,0,0,0,0,0,0,0,0,0,0,0,0,0,
0,0,0,0,0,0,0,0,0,0,0,0,0,0,0,0,0,0,0,0,0,0,0,0,0,0,0,0,0,0,0,0,0,0,0,0,0,0,0,0,0,0,0,0,0,0,0,0,0,0,0,0,0,0,0,0,0,0,0,0,0,0,0,0,0,0,0,0,0,0,0,0,0,0,0,0,0,0,0,0,
0,0,0,0,0,0,0,0,0,0,0,0,0,0,0,0,0,0,0,0,0,0,0,0,0,0,0,0,0,0,0,0,0,0,0,0,0,0,0,0,0,0,0,0,0,0,0,0,0,0,0,0,0,0,0,0,0,0,0,0,0,0,0,0,0,0,0,0,0,0,0,0,0,0,0,0,0,0,0,0,
0,0,0,0,0,0,0,0,0,0,0,0,0,0,0,0,0,0,0,0,0,0,0,0,0,0,0,0,0,0,0,0,0,0,0,0,0,0,0,0,0,0,0,0,0,0,0,0,0,0,0,0,0,0,0,0,0,0,0,0,0,0,0,0,0,0,0,0,0,0,0,0,0,0,0,0,0,0,0,0,
0,0,0,0,0,0,0,0,0,0,0,0,0,0,0,0,0,0,0,0,0,0,0,0,0,0,0,0,0,0,0,0,0,0,0,0,0,0,0,0,0,0,0,0,0,0,0,0,0,0,0,0,0,0,0,0,0,0,0,0,0,0,0,0,0,0,0,0,0,0,0,0,0,0,0,0,0,0,0,0,
0,0,0,0,0,0,0,0,0,0,0,0,0,0,0,0,0,0,0,0,0,0,0,0,0,0,0,0,0,0,0,0,0,0,0,0,0,0,0,0,0,0,0,0,0,0,0,0,0,0,0,0,0,0,0,0,0,0,0,0,0,0,0,0,0,0,0,0,0,0,0,0,0,0,0,0,0,0,0,0,
0,0,0,0,0,0,0,0,0,0,0,0,0,0,0,0,0,0,0,0,0,0,0,0,0,0,0,0,0,0,0,0,0,0,0,0,0,0,0,0,0,0,0,0,0,0,0,0,0,0,0,0,0,0,0,0,0,0,0,0,0,0,0,0,0,0,0,0,0,0,0,0,0,0,0,0,0,0,0,0,
0,0,0,0,0,0,0,0,0,0,0,0,0,0,0,0,0,0,0,0,0,0,0,0,0,0,0,0,0,0,0,0,0,0,0,0,0,0,0,0,0,0,0,0,0,0,0,0,0,0,0,0,0,0,0,0,0,0,0,0,0,0,0,0,0,0,0,0,0,0,0,0,0,0,0,0,0,0,0,0,
0,0,0,0,0,0,0,0,0,0,0,0,0,0,0,0,0,0,0,0,0,0,0,0,0,0,0,0,0,0,0,0,0,0,0,0,0,0,0,0,0,0,0,0,0,0,0,0,0,0,0,0,0,0,0,0,0,0,0,0,0,0,0,0,0,0,0,0,0,0,0,0,0,0,0,0,0,0,0,0,
0,0,0,0,0,0,0,0,0,0,0,0,0,0,0,0,0,0,0,0,0,0,0,0,0,0,0,0,0,0,0,0,0,0,0,0,0,0,0,0,0,0,0,0,0,0,0,0,0,0,0,0,0,0,0,0,0,0,0,0,0,0,0,0,0,0,0,0,0,0,0,0,0,0,0,0,0,0,0,0,
0,0,0,0,0,0,0,0,0,0,0,0,0,0,0,0,0,0,0,0,0,0,0,0,0,0,0,0,0,0,0,0,0,0,0,0,0,0,0,0,0,0,0,0,0,0,0,0,0,0,0,0,0,0,0,0,0,0,0,0,0,0,0,0,0,0,0,0,0,0,0,0,0,0,0,0,0,0,0,0,
0,0,0,0,0,0,0,0,0,0,0,0,0,0,0,0,0,0,0,0,0,0,0,0,0,0,0,0,0,0,0,0,0,0,0,0,0,0,0,0,0,0,0,0,0,0,0,0,0,0,0,0,0,0,0,0,0,0,0,0,0,0,0,0,0,0,0,0,0,0,0,0,0,0,0,0,0,0,0,0,
0,0,0,0,0,0,0,0,0,0,0,0,0,0,0,0,0,0,0,0,0,0,0,0,0,0,0,0,0,0,0,0,0,0,0,0,0,0,0,0,0,0,0,0,0,0,0,0,0,0,0,0,0,0,0,0,0,0,0,0,0,0,0,0,0,0,0,0,0,0,0,0,0,0,0,0,0,0,0,0

[layer]
type=object
data=
0,0,0,0,0,0,0,0,0,0,0,0,80,0,0,0,0,0,0,0,0,0,0,0,0,0,0,0,0,0,0,0,0,0,0,0,0,0,0,0,0,0,0,0,0,0,0,0,0,0,0,0,0,80,80,0,0,0,0,0,0,0,0,0,0,0,0,0,0,0,0,0,0,0,0,0,0,0,0,0,
0,0,0,0,0,0,0,0,0,80,80,80,80,80,80,80,80,80,0,0,0,0,0,0,0,80,80,0,0,0,0,0,0,0,0,0,0,0,0,0,0,0,0,0,0,0,0,0,0,0,0,0,0,0,0,0,0,80,0,0,80,0,0,0,0,0,0,0,0,0,0,0,0,0,0,0,0,0,0,0,
0,0,0,0,0,0,0,0,80,80,60,53,61,80,80,80,80,80,0,80,0,0,0,0,80,80,80,80,0,0,0,0,0,0,0,80,80,80,80,80,80,80,80,0,0,0,0,0,0,0,0,0,0,0,80,60,53,53,61,80,80,80,0,0,0,80,0,0,0,0,0,0,0,0,0,0,0,0,0,0,
0,0,0,0,0,0,0,80,80,56,64,0,65,53,61,80,80,80,0,0,0,80,0,0,0,80,80,80,80,80,80,80,80,80,80,80,60,57,80,80,80,80,80,80,80,80,80,80,80,80,80,0,0,60,49,68,118,0,65,53,53,49,53,53,61,80,80,0,0,0,0,0,0,0,0,0,0,0,0,0,
0,0,0,0,0,0,80,80,60,68,0,0,0,0,65,57,80,80,0,0,0,0,0,0,80,80,56,49,53,49,53,57,80,80,80,60,64,69,53,57,80,80,60,53,53,49,49,61,80,80,80,0,60,68,0,0,0,0,247,0,0,0,0,0,69,57,80,80,0,0,0,0,0,0,0,0,0,0,0,0,
0,0,0,0,0,80,80,56,64,0,0,0,0,0,0,54,80,80,0,0,0,0,0,0,80,80,48,0,0,0,0,69,49,61,80,52,0,0,0,54,80,80,48,0,0,0,0,65,49,57,80,60,64,0,0,0,0,0,0,0,121,0,0,0,0,69,57,80,80,0,0,0,0,0,0,0,0,0,0,0,
0,0,0,0,0,80,60,68,0,0,0,246,0,0,0,50,80,80,0,0,0,0,0,0,80,80,52,0,0,0,0,0,0,69,49,64,123,0,0,54,80,56,64,0,0,0,0,0,0,54,80,48,0,0,0,0,0,0,0,0,0,0,0,0,121,0,65,61,80,80,0,0,0,0,0,0,0,0,0,0,
0,0,0,0,0,80,52,0,0,0,0,127,0,0,0,50,80,0,0,0,0,0,0,0,80,80,48,0,0,0,120,0,0,0,0,0,0,0,0,50,80,48,0,0,0,0,126,0,0,50,80,48,0,120,0,0,0,0,0,0,0,0,0,0,0,0,0,65,61,80,80,0,0,0,0,0,0,0,0,0,
0,0,0,0,0,80,48,0,0,0,247,0,0,0,0,65,61,0,0,0,0,0,0,0,80,80,52,0,0,0,0,0,0,0,0,0,0,125,0,65,53,64,0,120,0,0,0,0,0,50,80,48,0,0,0,0,0,0,0,0,0,0,0,0,0,0,0,0,54,80,80,80,80,0,0,0,0,0,0,0,
0,0,0,0,0,80,52,0,0,0,0,0,0,0,0,0,50,0,0,0,0,0,0,0,0,80,48,0,0,0,0,0,0,0,0,0,0,0,0,0,0,0,245,0,0,0,0,124,0,65,53,64,0,0,0,0,0,0,0,0,0,0,0,0,0,246,0,0,65,53,61,80,80,0,0,0,0,0,0,0,
0,0,0,0,0,80,52,0,0,0,0,0,0,0,0,70,58,0,0,0,0,0,0,0,0,80,52,0,0,0,120,0,0,0,0,126,0,0,0,0,0,0,0,0,0,0,0,0,0,245,0,0,0,0,0,0,0,0,0,0,0,0,0,0,0,0,0,0,0,0,69,61,0,0,0,0,0,0,0,0,
0,0,0,0,80,80,48,0,0,127,0,0,0,0,0,54,80,80,0,0,80,0,0,0,80,80,48,0,0,0,0,0,244,0,0,0,0,0,0,0,0,0,0,0,0,0,0,0,0,0,0,0,0,0,0,0,0,0,0,0,0,0,0,0,0,0,0,0,0,0,0,54,80,0,0,0,0,0,0,0,
0,0,0,0,80,80,52,0,0,0,0,0,0,0,0,50,80,80,80,56,49,57,80,80,80,60,64,0,0,0,0,0,0,0,0,0,0,0,0,0,0,0,0,0,0,0,0,0,0,0,0,0,0,0,0,0,0,0,0,0,0,0,0,0,0,0,0,0,121,0,0,65,61,80,0,0,0,0,0,0,
0,0,0,0,80,56,64,0,0,0,0,0,0,0,0,50,80,80,60,64,0,65,53,53,49,64,0,0,0,0,0,0,0,0,0,0,0,0,0,0,0,0,0,0,0,0,0,0,0,0,0,0,0,0,0,0,0,0,0,0,0,0,0,0,0,0,0,0,0,0,0,0,65,57,80,0,0,0,0,0,
0,0,0,0,80,52,0,0,0,0,0,0,0,0,0,54,80,80,52,0,0,0,100,98,0,0,0,0,0,0,0,0,0,0,0,0,0,0,0,0,0,0,0,0,0,0,0,0,0,0,0,0,0,0,0,0,0,0,0,0,0,0,0,120,0,0,0,0,0,0,0,0,245,65,61,80,0,0,0,0,
0,0,0,0,80,52,0,0,0,0,124,0,0,0,0,69,49,53,64,0,0,105,0,0,0,0,0,0,0,0,0,0,0,0,0,0,0,0,0,0,0,0,0,0,0,0,0,0,0,0,0,0,0,0,0,0,0,0,119,0,0,0,0,0,0,0,0,0,0,0,0,0,0,0,69,61,0,0,0,0,
0,0,0,0,80,59,67,0,0,0,0,0,0,0,0,0,0,0,0,0,0,104,0,0,0,0,74,75,0,0,0,0,0,0,0,0,0,0,0,0,0,0,0,0,0,0,0,0,0,0,0,0,0,0,0,0,0,0,0,0,0,0,0,0,0,0,0,0,0,0,0,120,0,0,0,50,80,0,0,0,
0,0,0,0,80,80,52,0,0,0,0,0,0,0,0,0,0,0,124,0,0,0,0,0,0,0,0,0,0,0,0,0,0,0,0,0,0,0,0,0,0,0,0,0,0,0,66,55,51,67,118,0,0,0,138,0,0,0,0,0,0,0,0,0,0,0,0,0,0,0,0,0,0,0,0,69,61,0,0,0,
0,0,0,0,0,80,225,0,0,0,0,0,0,0,0,0,0,0,0,0,0,0,0,0,0,0,0,0,0,0,0,0,0,0,0,0,0,0,0,0,0,245,0,0,0,0,50,80,80,48,0,0,0,0,0,0,0,0,0,0,0,0,0,0,0,0,0,0,0,0,0,0,0,0,0,0,65,57,80,80,
0,0,0,0,0,80,224,0,0,0,0,0,0,0,0,0,0,0,0,0,0,0,0,0,0,0,0,0,0,0,0,0,0,0,0,0,70,51,51,51,51,67,0,70,51,55,58,80,56,68,0,0,0,0,0,0,0,0,0,0,0,0,0,0,0,0,0,0,0,0,0,0,0,0,0,0,0,69,57,80,
0,0,0,0,0,80,52,0,0,0,0,0,0,0,0,0,0,0,0,0,0,0,0,0,0,73,0,0,102,0,0,0,0,0,0,0,54,80,80,80,80,63,51,62,80,80,80,80,48,0,124,0,0,0,0,0,0,0,0,0,0,0,0,0,0,0,0,0,0,0,0,0,0,0,0,0,0,0,69,53,
0,0,0,0,0,80,63,71,0,0,0,0,0,0,0,0,0,0,0,0,0,0,0,0,0,72,0,0,0,0,0,0,0,0,0,0,50,80,80,80,80,80,80,80,0,0,0,80,48,0,0,0,0,0,0,0,0,0,0,0,0,0,0,0,0,0,0,0,0,0,0,0,0,0,0,0,0,0,0,0,
0,0,0,0,0,80,80,52,0,0,0,0,0,0,0,0,0,0,0,0,0,0,0,549,0,0,0,0,0,101,0,0,0,0,0,0,69,61,80,56,49,57,80,80,0,0,0,0,59,71,0,0,0,0,0,0,0,0,0,0,0,0,0,0,0,0,0,0,0,0,0,0,0,0,0,0,0,0,0,0,
0,0,0,0,0,80,60,68,0,0,0,0,0,0,0,0,0,0,0,0,0,0,548,0,0,0,0,0,0,0,0,0,0,139,0,0,0,50,80,52,0,69,57,80,80,80,0,0,80,59,51,71,0,0,0,0,0,0,120,0,0,0,0,0,0,0,125,0,0,124,0,0,0,0,0,0,0,0,0,0,
0,0,0,0,0,80,52,0,0,0,0,0,0,0,0,0,120,0,247,0,0,0,0,0,0,0,0,0,0,0,0,0,0,0,0,0,0,65,49,64,0,0,65,53,57,80,80,80,80,80,80,63,51,51,67,0,0,0,0,0,0,0,0,0,0,0,0,0,0,0,0,0,0,0,0,0,66,55,55,67,
0,0,0,0,0,80,63,71,0,0,0,0,0,0,0,0,0,0,0,0,0,0,124,119,0,0,532,0,0,0,0,0,0,0,0,0,0,0,0,0,0,0,127,0,65,61,80,80,60,57,80,80,80,80,63,55,71,0,0,0,0,0,0,0,0,0,0,0,0,0,0,0,0,0,0,70,58,80,80,59,
0,0,0,0,0,80,80,48,0,0,0,126,122,0,0,0,0,0,0,0,0,0,0,0,0,0,0,0,0,0,74,75,0,0,0,0,0,105,0,0,0,0,0,0,0,65,61,80,48,69,53,53,61,80,80,80,48,0,0,0,0,0,0,0,0,0,0,0,0,0,0,0,0,0,70,62,80,80,80,80,
0,0,0,0,0,80,80,63,71,0,0,0,0,0,0,0,0,0,0,0,0,0,0,0,0,0,0,0,0,0,0,0,0,0,0,0,0,104,0,0,0,0,0,0,0,0,69,49,64,0,0,0,69,53,53,53,64,0,0,0,0,0,0,0,0,0,0,245,0,0,0,0,0,70,58,80,80,0,0,0,
0,0,0,0,0,0,80,80,52,0,0,0,0,0,0,0,0,0,0,0,0,0,0,0,0,0,0,0,0,0,0,0,0,0,0,0,0,0,0,0,0,0,127,0,0,0,0,0,0,0,247,0,0,0,0,0,0,0,0,0,0,0,0,0,0,0,119,0,0,0,0,0,66,62,80,0,0,0,0,0,
0,0,0,0,0,0,80,80,63,67,0,0,0,0,0,0,0,0,0,0,0,0,0,0,0,0,0,0,0,0,106,107,106,107,0,0,0,0,245,0,0,0,0,0,0,0,0,0,0,0,0,125,0,0,0,0,0,0,0,0,0,0,0,0,125,0,0,0,0,0,0,66,62,80,0,0,0,0,0,0,
0,0,0,0,0,0,0,0,80,63,71,0,0,0,0,0,0,246,0,0,0,0,0,0,0,0,0,0,0,0,0,0,0,0,0,0,0,0,127,0,0,0,0,0,0,0,0,0,0,0,0,0,0,0,0,0,0,0,0,0,0,0,0,0,0,0,0,0,0,0,0,50,80,80,0,0,0,0,0,0,
0,0,0,0,0,0,0,0,0,0,63,71,0,0,0,0,0,0,0,0,0,0,0,0,0,0,0,0,0,0,0,0,0,0,0,0,0,0,0,0,0,0,0,0,0,0,0,0,0,0,0,0,0,0,0,0,0,0,0,0,0,0,0,0,0,0,0,0,0,0,0,54,80,0,0,0,0,0,0,0,
0,0,0,0,0,0,0,0,0,0,80,63,51,51,55,67,0,0,0,0,0,0,0,0,0,0,0,0,0,0,0,0,0,0,0,0,0,0,0,0,0,0,0,0,0,0,0,66,51,67,0,0,0,0,0,0,70,51,55,55,51,55,71,0,0,0,0,0,0,0,70,58,80,0,0,0,0,0,0,0,
0,0,0,0,0,0,0,0,0,0,0,0,0,0,80,63,67,0,0,0,0,0,70,51,55,55,71,0,0,0,0,0,0,0,0,0,0,0,0,0,0,0,0,0,66,51,51,58,80,59,51,55,71,0,0,66,58,80,80,80,80,80,59,55,67,0,0,0,0,70,58,80,80,0,0,0,0,0,0,0,
0,0,0,0,0,0,0,0,0,0,0,0,0,0,0,0,59,55,71,0,70,51,62,80,80,80,63,71,0,0,0,244,0,0,0,0,0,0,0,0,66,51,71,0,54,80,80,80,80,80,80,80,48,0,70,62,80,80,80,80,80,80,80,80,59,55,51,55,55,62,80,80,0,0,0,0,0,0,0,0,
0,0,0,0,0,0,0,0,0,0,0,0,0,0,0,0,80,80,63,51,58,80,0,0,0,80,80,59,51,55,67,0,0,0,0,0,0,0,70,55,62,80,59,55,58,80,80,80,80,80,80,80,59,51,62,80,0,0,0,0,0,0,0,0,80,80,80,80,80,80,80,0,0,0,0,0,0,0,0,0,
0,0,0,0,0,0,0,0,0,0,0,0,0,0,0,0,0,0,0,80,80,80,0,0,0,0,0,80,80,80,63,55,55,71,0,0,70,51,62,80,80,80,80,80,80,80,80,80,80,80,80,80,80,80,80,80,0,0,0,0,0,0,0,0,0,0,0,0,0,0,0,0,0,0,0,0,0,0,0,0,
0,0,0,0,0,0,0,0,0,0,0,0,0,0,0,0,0,0,0,0,0,0,0,0,0,0,0,0,0,0,80,80,80,63,55,51,62,80,80,80,0,0,0,0,0,0,0,0,0,0,0,0,0,0,0,0,0,0,0,0,0,0,0,0,0,0,0,0,0,0,0,0,0,0,0,0,0,0,0,0,
0,0,0,0,0,0,0,0,0,0,0,0,0,0,0,0,0,0,0,0,0,0,0,0,0,0,0,0,0,0,0,0,0,80,80,80,80,0,0,0,0,0,0,0,0,0,0,0,0,0,0,0,0,0,0,0,0,0,0,0,0,0,0,0,0,0,0,0,0,0,0,0,0,0,0,0,0,0,0,0,
0,0,0,0,0,0,0,0,0,0,0,0,0,0,0,0,0,0,0,0,0,0,0,0,0,0,0,0,0,0,0,0,0,0,0,0,0,0,0,0,0,0,0,0,0,0,0,0,0,0,0,0,0,0,0,0,0,0,0,0,0,0,0,0,0,0,0,0,0,0,0,0,0,0,0,0,0,0,0,0

[layer]
type=snowtop
data=
0,0,0,0,0,0,0,0,0,0,0,0,0,0,0,0,0,0,0,0,0,0,0,0,0,0,0,0,0,0,0,0,0,0,0,0,0,0,0,0,0,0,0,0,0,0,0,28,28,28,28,0,0,0,0,0,0,0,0,0,0,0,0,0,0,0,0,0,0,0,0,0,0,0,0,0,0,0,0,0,
0,0,0,0,0,0,0,0,0,0,0,0,0,0,0,0,0,0,0,0,0,0,0,0,0,0,0,0,0,0,0,0,0,0,0,0,0,0,0,0,0,0,0,0,0,0,0,0,28,28,0,0,0,0,0,0,0,0,0,0,0,0,0,0,0,0,0,0,0,0,0,0,0,0,0,0,0,0,0,0,
0,0,0,0,0,0,0,0,0,0,0,0,0,0,0,0,0,0,0,0,0,0,0,0,0,0,0,0,0,0,0,0,0,0,0,0,0,0,0,0,0,0,0,0,0,0,0,0,28,0,0,0,0,0,0,0,0,0,0,0,0,0,0,0,0,0,0,0,0,0,0,0,0,0,0,0,0,0,0,0,
0,0,0,0,0,0,0,0,0,0,0,0,0,0,19,0,0,0,0,0,0,0,0,0,0,0,0,0,0,0,0,0,0,0,0,0,0,0,28,0,0,0,0,0,0,0,0,0,28,0,0,0,0,0,0,0,0,0,0,0,0,0,0,0,0,0,0,0,0,0,0,0,0,0,0,0,0,0,0,0,
0,0,0,0,0,0,0,0,0,0,0,0,0,0,31,23,0,0,0,0,0,0,0,0,0,0,0,0,0,0,0,0,0,0,0,0,0,0,22,0,0,0,0,0,0,0,0,0,28,0,0,0,0,0,0,0,0,0,0,0,0,0,0,0,0,0,0,0,0,0,0,0,0,0,0,0,0,0,0,0,
0,0,0,0,0,0,0,0,0,0,0,0,0,0,18,18,0,0,0,0,0,0,0,0,0,0,0,0,0,0,0,0,0,0,0,0,0,0,28,0,0,0,0,0,0,0,0,0,28,0,0,0,0,0,0,0,0,0,0,0,0,0,0,0,0,0,0,0,0,0,0,0,0,0,0,0,0,0,0,0,
0,0,0,0,0,0,0,0,0,0,0,0,0,0,0,19,0,0,0,0,0,0,0,0,0,0,0,0,0,0,0,0,0,0,0,0,0,0,0,0,0,0,0,0,0,0,0,0,28,0,0,0,0,0,0,0,0,0,0,0,0,0,0,0,0,0,0,27,0,0,0,0,0,0,0,0,0,0,0,0,
0,0,0,0,0,0,0,0,0,0,0,0,0,0,0,28,0,0,0,0,0,0,0,0,0,0,0,0,0,0,0,0,0,0,0,0,0,0,0,0,0,0,0,0,0,0,0,0,0,0,0,0,0,0,0,0,0,0,0,0,0,0,0,0,0,0,0,0,0,0,0,0,0,0,0,0,0,0,0,0,
0,0,0,0,0,0,0,0,0,0,0,0,0,0,0,18,30,0,0,0,0,0,0,0,0,0,0,0,0,0,0,0,0,0,0,0,0,0,0,0,0,0,0,0,0,0,0,0,0,0,0,0,0,0,0,0,0,0,0,0,0,0,0,0,0,0,0,0,0,0,0,0,0,0,0,0,0,0,0,0,
0,0,0,0,0,0,0,0,0,0,0,0,0,0,16,24,18,0,0,0,0,0,0,0,0,0,0,0,0,0,0,0,0,0,0,0,0,0,0,0,0,0,0,0,0,0,0,0,0,0,0,0,0,0,0,0,0,0,0,0,0,0,0,0,0,0,0,0,0,0,27,0,0,0,0,0,0,0,0,0,
0,0,0,0,0,0,0,0,0,0,0,0,0,0,27,24,22,0,0,0,0,0,0,0,0,0,0,0,0,0,0,0,0,0,0,0,0,0,0,0,0,0,0,0,0,0,0,0,0,0,0,0,0,0,0,0,0,0,0,0,0,0,0,0,0,0,0,0,0,0,0,27,0,0,0,0,0,0,0,0,
0,0,0,0,0,0,0,0,0,0,0,0,0,0,16,18,0,0,0,0,0,0,0,0,0,0,0,0,0,0,0,0,0,0,0,0,0,0,0,0,0,0,0,0,0,0,0,0,0,0,0,0,0,0,0,0,0,0,0,0,0,0,0,0,0,0,0,0,0,0,0,0,0,0,0,0,0,0,0,0,
0,0,0,0,0,0,0,0,0,0,0,0,0,0,29,24,0,0,0,0,0,0,0,0,0,0,0,0,0,0,0,0,0,0,0,0,0,0,0,0,0,0,0,0,0,0,0,0,0,0,0,0,0,0,0,0,0,0,0,0,0,0,0,0,0,0,0,0,0,0,0,0,0,0,0,0,0,0,0,0,
0,0,0,0,0,0,0,0,0,0,0,0,0,0,0,0,0,0,0,0,0,0,0,0,0,0,0,0,0,0,0,0,0,0,0,0,0,0,0,0,0,0,0,0,0,0,0,0,0,0,0,0,0,0,0,0,0,0,0,0,0,0,0,0,0,0,0,0,0,0,0,0,0,0,0,0,0,0,0,0,
0,0,0,0,0,0,0,0,0,0,0,0,0,0,0,0,0,0,0,0,0,0,0,0,0,0,0,0,0,0,0,0,0,0,0,0,0,0,0,0,0,0,0,0,0,0,0,0,0,0,0,0,0,0,0,0,0,0,0,0,0,0,0,0,0,0,0,0,0,0,0,0,0,0,20,0,0,0,0,0,
0,0,0,0,0,0,0,0,0,0,0,0,0,0,0,0,0,0,0,0,0,0,0,0,0,0,0,0,0,0,0,0,0,0,0,0,0,0,0,0,0,0,0,0,0,0,0,0,0,0,0,0,0,0,0,0,0,0,0,0,0,0,0,0,0,0,0,0,0,0,0,0,0,0,0,24,0,0,0,0,
0,0,0,0,0,0,0,0,0,0,0,0,0,0,0,0,0,0,0,0,0,0,0,0,0,0,0,0,0,0,0,0,0,0,0,0,0,0,0,0,0,0,0,0,0,28,28,0,0,0,0,0,0,0,0,0,0,0,0,0,0,0,0,0,0,0,0,0,0,0,0,0,0,0,0,0,0,0,0,0,
0,0,0,0,0,0,0,0,0,0,0,0,0,0,0,0,0,0,0,0,0,0,0,0,0,0,0,0,0,0,0,0,0,0,0,0,0,0,0,0,0,0,0,0,0,28,0,0,0,0,0,0,0,0,0,0,0,0,0,0,0,0,0,0,0,0,0,0,0,0,0,0,0,0,0,0,0,0,0,0,
0,0,0,0,0,0,0,0,0,0,0,0,0,0,0,0,0,0,0,0,0,0,0,0,0,0,0,0,0,0,0,0,0,0,0,28,28,28,28,0,0,0,28,28,28,28,0,0,0,0,0,0,0,0,0,0,0,0,0,0,0,0,0,0,0,0,0,0,0,0,0,0,0,0,0,0,0,0,0,0,
0,0,0,0,0,0,0,0,0,0,0,0,0,0,0,0,0,0,0,0,0,0,0,0,0,0,0,0,0,0,0,0,0,0,0,28,28,28,28,28,28,28,28,28,28,28,0,0,0,0,0,0,0,0,0,0,0,0,0,0,0,0,0,0,0,0,0,0,0,0,0,0,0,0,0,0,0,0,0,0,
0,0,0,0,0,0,0,0,0,0,0,0,0,0,0,0,0,0,0,0,0,0,0,0,0,0,0,0,0,0,0,0,0,0,0,0,28,0,0,0,0,28,28,28,0,0,0,0,0,0,0,0,0,0,0,0,0,0,0,0,0,0,0,0,0,0,0,0,0,0,0,0,0,0,0,0,0,0,0,0,
0,0,0,0,0,0,0,0,0,0,0,0,0,0,0,0,0,0,0,0,0,0,0,0,0,0,0,0,0,0,0,0,0,0,0,0,28,0,0,0,0,0,0,0,0,0,0,0,0,0,0,0,0,0,0,0,0,0,0,0,0,0,0,0,0,0,0,0,0,0,0,0,0,0,0,0,0,0,0,0,
0,0,0,0,0,0,0,0,0,0,0,0,0,0,0,0,0,0,0,0,0,0,0,0,0,0,0,0,0,0,0,0,0,0,0,0,0,0,0,0,0,0,0,0,0,0,0,0,28,0,0,0,0,0,0,0,0,0,0,0,0,0,0,0,0,0,0,0,0,0,0,0,0,0,0,0,0,0,0,0,
0,0,0,0,0,0,0,0,0,0,0,0,0,0,0,0,0,0,0,0,0,0,0,0,0,0,0,0,0,0,0,0,0,0,0,0,0,0,0,0,0,0,0,0,0,0,0,0,0,28,28,28,0,0,0,0,0,0,0,0,0,0,0,0,0,0,0,0,0,0,0,0,0,0,0,28,26,0,0,0,
0,0,0,0,0,0,0,0,0,0,0,0,0,0,0,0,0,0,0,0,0,0,0,0,0,0,0,0,0,0,0,0,0,0,0,0,0,0,0,0,0,0,0,0,0,0,0,0,0,0,0,28,28,28,0,0,0,0,0,0,0,0,0,0,0,0,0,0,0,0,0,0,0,0,31,22,19,24,0,0,
0,0,0,0,0,0,0,0,0,0,0,0,0,0,0,0,0,0,0,0,0,0,0,0,0,0,0,0,0,0,0,0,0,0,0,0,0,0,0,0,0,0,0,0,0,0,0,0,0,0,0,0,0,0,0,0,0,0,0,0,0,0,0,0,0,0,0,0,0,0,0,0,0,23,17,23,22,0,0,0,
0,0,0,0,0,0,0,0,0,0,0,0,0,0,0,0,0,0,0,0,0,0,0,0,0,0,0,0,0,0,0,0,0,0,0,0,0,0,0,0,0,0,0,0,0,0,0,0,0,0,0,0,0,0,0,0,0,0,0,0,0,0,0,0,0,0,0,0,0,0,0,0,16,24,18,23,0,0,0,0,
0,0,0,0,0,0,0,0,0,0,0,0,0,0,0,0,0,0,0,0,0,0,0,0,0,0,0,0,0,0,0,0,0,0,0,0,0,0,0,0,0,0,0,0,0,0,0,0,0,0,0,0,0,0,0,0,0,0,0,0,0,0,0,0,0,0,0,0,0,0,0,31,25,16,25,0,0,0,0,0,
0,0,0,0,0,0,0,0,0,0,0,0,0,0,0,0,0,0,0,0,0,0,0,0,0,0,0,0,0,0,0,0,0,0,0,0,0,0,0,0,0,0,0,0,0,0,0,0,0,0,0,0,0,0,0,0,0,0,0,0,0,0,0,0,0,0,0,0,0,0,29,21,29,20,0,0,0,0,0,0,
0,0,0,0,0,0,0,0,0,0,0,0,0,0,0,0,0,0,0,0,0,0,0,0,0,0,0,0,0,0,0,0,0,0,0,0,0,0,0,0,0,0,0,0,0,0,0,0,0,0,0,0,0,0,0,0,0,0,0,0,0,0,0,0,0,0,0,0,0,0,24,26,16,0,0,0,0,0,0,0,
0,0,0,0,0,0,0,0,0,0,0,0,0,0,0,0,0,0,0,0,0,0,0,0,0,0,0,0,0,0,0,0,0,0,0,0,0,0,0,0,0,0,0,0,0,0,0,0,0,0,0,0,0,0,0,0,0,0,0,0,0,0,0,0,0,0,0,0,0,0,25,19,0,0,0,0,0,0,0,0,
0,0,0,0,0,0,0,0,0,0,29,31,28,0,0,0,0,0,0,0,0,0,0,0,0,0,0,0,0,0,0,0,0,0,0,0,0,0,0,0,0,0,0,0,0,0,18,0,0,0,0,0,0,0,0,21,20,26,26,16,0,0,0,0,0,0,0,0,0,27,27,18,0,0,0,0,0,0,0,0,
0,0,0,0,0,0,0,0,0,0,0,22,27,16,0,0,0,0,0,0,0,22,24,16,0,0,0,0,0,0,0,0,0,0,0,0,0,0,0,0,0,0,0,19,25,21,19,31,17,31,0,0,0,0,28,24,31,20,23,29,22,26,0,0,0,0,0,0,22,29,21,20,0,0,0,0,0,0,0,0,
0,0,0,0,0,0,0,0,0,0,0,0,0,0,0,27,0,0,0,25,23,28,19,25,19,0,0,0,0,0,0,0,0,0,0,0,0,0,0,28,0,0,0,30,20,25,17,21,0,30,0,0,0,30,31,31,30,29,0,0,0,0,19,28,28,28,21,18,20,20,16,0,0,0,0,0,0,0,0,0,
0,0,0,0,0,0,0,0,0,0,0,0,0,0,0,0,17,22,19,27,21,19,27,0,0,27,22,31,0,0,0,0,0,0,0,0,0,24,30,26,29,16,25,28,27,0,0,0,0,0,0,23,16,30,28,20,0,0,0,0,0,0,0,17,16,18,17,17,23,16,0,0,0,0,0,0,0,0,0,0,
0,0,0,0,0,0,0,0,0,0,0,0,0,0,0,0,0,0,17,25,29,0,0,0,0,0,0,31,19,22,20,0,0,0,0,28,24,25,31,18,27,28,19,22,18,0,0,0,0,0,0,0,17,16,26,0,0,0,0,0,0,0,0,0,0,0,0,0,0,0,0,0,0,0,0,0,0,0,0,0,
0,0,0,0,0,0,0,0,0,0,0,0,0,0,0,0,0,0,0,0,0,0,0,0,0,0,0,0,0,0,31,24,20,25,24,29,26,18,24,0,0,0,0,0,0,0,0,0,0,0,0,0,0,0,0,0,0,0,0,0,0,0,0,0,0,0,0,0,0,0,0,0,0,0,0,0,0,0,0,0,
0,0,0,0,0,0,0,0,0,0,0,0,0,0,0,0,0,0,0,0,0,0,0,0,0,0,0,0,0,0,0,0,0,24,31,21,25,0,0,0,0,0,0,0,0,0,0,0,0,0,0,0,0,0,0,0,0,0,0,0,0,0,0,0,0,0,0,0,0,0,0,0,0,0,0,0,0,0,0,0,
0,0,0,0,0,0,0,0,0,0,0,0,0,0,0,0,0,0,0,0,0,0,0,0,0,0,0,0,0,0,0,0,0,0,0,0,0,0,0,0,0,0,0,0,0,0,0,0,0,0,0,0,0,0,0,0,0,0,0,0,0,0,0,0,0,0,0,0,0,0,0,0,0,0,0,0,0,0,0,0,
0,0,0,0,0,0,0,0,0,0,0,0,0,0,0,0,0,0,0,0,0,0,0,0,0,0,0,0,0,0,0,0,0,0,0,0,0,0,0,0,0,0,0,0,0,0,0,0,0,0,0,0,0,0,0,0,0,0,0,0,0,0,0,0,0,0,0,0,0,0,0,0,0,0,0,0,0,0,0,0

[layer]
type=collision
data=
3,3,3,3,3,3,3,3,3,3,3,3,3,3,3,3,3,3,3,3,3,3,3,3,3,3,3,3,3,3,3,3,3,3,3,3,3,3,3,3,3,3,3,3,3,3,3,3,3,3,3,3,3,3,3,3,3,3,3,3,3,3,3,3,3,3,3,3,3,3,3,3,3,3,3,3,3,3,3,3,
3,3,3,3,3,3,3,3,3,3,3,3,3,3,3,3,3,3,3,3,3,3,3,3,3,3,3,3,3,3,3,3,3,3,3,3,3,3,3,3,3,3,3,3,3,3,3,3,3,3,3,3,3,3,3,3,3,3,3,3,3,3,3,3,3,3,3,3,3,3,3,3,3,3,3,3,3,3,3,3,
3,3,3,3,3,3,3,3,3,3,1,1,1,1,3,3,3,3,3,3,3,3,3,3,3,3,3,3,3,3,3,3,3,3,3,3,3,3,3,3,3,3,3,3,3,3,3,3,3,3,3,3,3,3,3,1,1,1,1,3,3,3,3,3,3,3,3,3,3,3,3,3,3,3,3,3,3,3,3,3,
3,3,3,3,3,3,3,3,1,1,1,0,1,1,1,3,3,3,3,3,3,3,3,3,3,3,3,3,3,3,3,3,3,3,3,3,1,1,3,3,3,3,3,3,3,3,3,3,3,3,3,3,3,1,1,1,0,0,1,1,1,1,1,1,1,3,3,3,3,3,3,3,3,3,3,3,3,3,3,3,
3,3,3,3,3,3,3,3,1,1,0,0,0,0,1,3,3,3,3,3,3,3,3,3,3,3,1,1,1,1,1,1,3,3,3,1,1,1,1,1,3,3,1,1,1,1,1,1,3,3,3,3,1,1,0,0,0,0,4,0,0,0,0,0,1,1,3,3,3,3,3,3,3,3,3,3,3,3,3,3,
3,3,3,3,3,3,3,1,1,0,0,0,0,0,1,3,3,3,3,3,3,3,3,3,3,3,1,0,0,0,0,1,1,1,3,1,0,0,1,1,3,3,1,0,0,0,0,1,1,1,3,1,1,0,0,2,2,2,0,0,0,0,0,0,0,1,1,3,3,3,3,3,3,3,3,3,3,3,3,3,
3,3,3,3,3,3,1,1,0,0,0,4,0,0,1,3,3,3,3,3,3,3,3,3,3,3,1,0,0,0,0,0,0,1,1,1,0,0,1,1,3,1,1,0,0,0,0,0,1,1,3,1,0,0,0,2,4,2,2,2,2,2,0,0,0,0,1,1,3,3,3,3,3,3,3,3,3,3,3,3,
3,3,3,3,3,3,1,0,0,0,0,0,0,0,1,1,3,3,3,3,3,3,3,3,3,3,1,0,0,0,0,0,0,0,0,0,0,0,1,1,3,1,0,0,0,0,0,0,1,1,3,1,0,0,0,2,4,4,4,4,4,2,0,0,0,0,0,1,3,3,3,3,3,3,3,3,3,3,3,3,
3,3,3,3,3,3,1,0,0,0,4,0,0,0,1,1,3,3,3,3,3,3,3,3,3,3,1,0,0,0,0,0,0,0,0,0,0,0,0,1,1,1,0,0,0,0,0,0,1,1,3,1,0,0,0,2,4,4,4,4,4,2,2,0,0,0,0,1,1,3,3,3,3,3,3,3,3,3,3,3,
3,3,3,3,3,3,1,0,0,0,0,0,0,0,1,3,3,3,3,3,3,3,3,3,3,3,1,0,0,0,0,0,0,0,0,0,0,0,0,0,0,0,4,0,0,0,0,0,0,1,1,1,0,0,0,2,2,4,4,4,4,4,2,2,2,4,0,0,1,1,3,3,3,3,3,3,3,3,3,3,
3,3,3,3,3,3,1,0,0,0,0,0,0,0,1,3,3,3,3,3,3,3,3,3,3,3,1,0,0,0,0,0,0,0,0,0,0,0,0,0,0,0,0,0,0,0,0,0,0,4,0,0,0,0,0,0,2,4,4,4,4,4,4,4,2,0,0,0,0,1,1,3,3,3,3,3,3,3,3,3,
3,3,3,3,3,3,1,0,0,0,0,0,0,0,1,3,3,3,3,3,3,3,3,3,3,3,1,0,0,0,0,0,4,0,0,0,0,0,0,0,0,0,0,0,0,0,0,0,0,0,0,0,0,0,0,0,2,4,4,4,4,4,4,2,2,0,0,0,0,0,1,1,3,3,3,3,3,3,3,3,
3,3,3,3,3,3,1,0,0,0,0,0,0,0,1,3,3,3,3,1,1,1,3,3,3,1,1,0,0,0,0,0,0,0,0,0,0,0,0,0,0,0,0,0,0,0,0,0,0,0,0,0,0,0,0,0,2,2,2,4,2,2,2,2,0,0,0,0,0,0,0,1,1,3,3,3,3,3,3,3,
3,3,3,3,3,1,1,0,0,0,0,0,0,0,1,3,3,3,1,1,0,1,1,1,1,1,0,0,0,0,0,0,0,0,0,0,0,0,0,0,0,0,0,0,0,0,0,0,0,0,0,0,0,0,0,0,0,0,2,2,2,0,0,0,0,0,0,0,0,0,0,0,1,1,3,3,3,3,3,3,
3,3,3,3,3,1,0,0,0,0,0,0,0,0,1,1,3,3,1,0,0,0,4,4,0,0,0,0,0,0,0,0,0,0,0,0,0,0,0,0,0,0,0,0,0,0,0,0,0,0,0,0,0,0,0,0,0,0,0,0,0,0,0,0,0,0,0,0,0,0,0,0,4,1,1,3,3,3,3,3,
3,3,3,3,3,1,0,0,0,0,0,0,0,0,0,1,1,1,1,0,0,4,0,0,0,4,4,4,0,0,0,0,0,0,0,0,0,0,0,0,0,0,0,0,0,0,0,0,0,0,0,0,0,0,0,0,0,0,0,0,0,0,0,0,0,0,0,0,0,0,0,0,0,1,1,3,3,3,3,3,
3,3,3,3,3,1,1,0,0,0,0,0,0,0,0,0,0,0,0,0,0,4,0,0,0,4,4,4,0,0,0,0,0,0,0,0,0,0,0,0,0,0,0,0,0,1,1,1,0,0,0,0,0,0,0,0,0,0,0,0,0,0,0,0,0,0,0,0,0,0,0,0,0,0,1,1,3,3,3,3,
3,3,3,3,3,3,1,0,0,0,0,0,0,0,0,0,0,0,0,0,0,0,0,0,0,0,0,0,0,0,0,0,0,0,0,0,0,0,0,0,0,0,0,0,0,1,3,1,1,1,0,0,0,0,4,0,0,0,0,0,0,0,0,0,0,0,0,0,0,0,0,0,0,0,0,1,3,3,3,3,
3,3,3,3,3,0,0,0,0,0,0,0,0,0,0,0,0,0,0,0,0,0,0,0,0,0,0,0,0,0,0,0,0,0,0,1,1,1,1,1,0,4,1,1,1,1,3,3,3,1,0,0,0,0,0,0,0,0,0,0,0,0,0,0,0,0,0,0,0,0,0,0,0,0,0,0,1,3,3,3,
3,3,3,3,3,0,0,0,0,0,0,0,0,0,0,0,0,0,0,0,0,0,0,0,4,4,0,0,0,0,0,0,0,0,0,1,3,3,3,1,1,1,1,3,3,3,3,3,1,1,0,0,0,0,0,0,0,0,0,0,0,0,0,0,0,0,0,0,0,0,0,0,0,0,0,0,0,1,1,3,
3,3,3,3,3,3,1,0,0,0,0,0,0,0,0,0,0,0,0,0,0,0,0,0,4,4,0,0,4,0,0,0,0,0,0,1,3,3,3,3,3,3,3,3,3,3,3,3,1,0,0,0,0,0,0,0,0,0,0,0,0,0,0,0,0,0,0,0,0,0,0,0,0,0,0,0,0,0,1,1,
3,3,3,3,3,3,1,1,0,0,0,0,0,0,0,0,0,0,0,0,0,0,0,0,4,4,0,0,0,0,0,0,0,0,0,1,1,1,3,3,3,3,3,3,3,3,3,3,1,0,0,0,0,0,0,0,0,0,0,0,0,0,0,0,0,0,0,0,0,0,0,0,0,0,0,0,0,0,0,0,
3,3,3,3,3,3,1,1,0,0,0,0,0,0,0,0,0,0,0,0,0,0,4,4,0,0,0,0,0,4,0,0,0,0,0,0,1,1,3,1,1,1,3,3,3,3,3,3,1,1,0,0,0,0,0,0,0,0,0,0,0,0,0,0,0,0,0,0,0,0,0,0,0,0,0,0,0,0,0,0,
3,3,3,3,3,3,1,1,0,0,0,0,0,0,0,0,0,0,0,0,0,0,4,4,0,0,0,0,0,0,0,0,0,4,0,0,0,1,3,1,0,1,1,3,3,3,3,3,3,1,1,1,1,0,0,0,0,0,0,0,0,0,0,0,0,0,0,0,0,0,0,0,0,0,0,1,1,1,1,1,
3,3,3,3,3,3,1,0,0,0,0,0,0,0,0,0,0,0,4,0,0,0,0,0,0,0,0,0,0,0,0,0,0,0,0,0,0,1,1,1,0,0,1,1,1,3,3,3,3,3,3,3,1,1,1,0,0,0,0,0,0,0,0,0,0,0,0,0,0,0,0,0,0,0,1,1,3,3,1,1,
3,3,3,3,3,3,1,1,0,0,0,0,0,0,0,0,0,0,0,0,0,0,0,0,0,0,4,0,0,4,4,4,0,0,0,0,0,0,0,0,0,0,0,0,1,1,3,3,3,3,3,3,3,1,1,1,1,0,0,0,0,0,0,0,0,0,0,0,0,0,0,0,0,1,1,3,3,3,3,3,
3,3,3,3,3,3,3,1,0,0,0,0,0,0,0,0,0,0,0,0,0,0,0,0,0,0,0,0,0,4,4,4,0,0,0,0,0,4,0,0,0,0,0,0,0,1,1,3,1,1,1,1,1,1,1,1,1,0,0,0,0,0,0,0,0,0,0,0,0,0,0,0,1,1,3,3,3,3,3,3,
3,3,3,3,3,3,3,1,1,0,0,0,0,0,0,0,0,0,0,0,0,0,0,0,0,0,0,0,0,0,0,0,0,0,0,0,0,4,0,0,0,0,0,0,0,0,1,1,1,0,0,0,1,1,1,1,1,0,0,0,0,0,0,0,0,0,0,4,0,0,0,1,1,3,3,3,3,3,3,3,
3,3,3,3,3,3,3,3,1,0,0,0,0,0,0,0,0,0,0,0,0,0,0,0,0,0,0,0,0,0,0,0,0,0,0,0,0,0,0,0,0,0,0,0,0,0,0,0,0,0,4,0,0,0,0,0,0,0,0,0,0,0,0,0,0,0,0,0,0,0,1,1,3,3,3,3,3,3,3,3,
3,3,3,3,3,3,3,3,1,1,0,0,0,0,0,0,0,0,0,0,0,0,0,0,0,0,0,0,0,0,4,4,4,4,0,0,0,0,4,0,0,0,0,0,0,0,0,0,0,0,0,0,0,0,0,0,0,0,0,0,0,0,0,0,0,0,0,0,0,0,1,1,3,3,3,3,3,3,3,3,
3,3,3,3,3,3,3,3,3,1,1,0,0,0,0,0,0,4,0,0,0,0,0,0,0,0,0,0,0,0,0,0,0,0,0,0,0,0,0,0,0,0,0,0,0,0,0,0,0,0,0,0,0,0,0,0,0,0,0,0,0,0,0,0,0,0,0,0,0,0,1,3,3,3,3,3,3,3,3,3,
3,3,3,3,3,3,3,3,3,3,1,1,1,1,0,0,0,0,0,0,0,0,0,0,0,0,0,0,0,0,0,0,0,0,0,0,0,0,0,0,0,0,0,0,0,0,1,1,0,0,0,0,0,0,0,1,1,1,1,1,1,0,0,0,0,0,0,0,0,1,1,3,3,3,3,3,3,3,3,3,
3,3,3,3,3,3,3,3,3,3,3,3,3,1,1,1,0,0,0,0,0,1,1,1,1,0,0,0,0,0,0,0,0,0,0,0,0,0,0,0,0,0,0,1,1,1,1,1,1,1,1,0,0,0,1,1,3,3,3,1,1,1,1,0,0,0,0,0,1,1,3,3,3,3,3,3,3,3,3,3,
3,3,3,3,3,3,3,3,3,3,3,3,3,3,3,1,1,0,0,1,1,1,3,1,1,1,0,0,0,0,0,0,0,0,0,0,0,0,0,1,1,0,0,1,3,3,3,3,3,1,1,1,1,1,1,3,3,3,3,3,3,1,1,1,1,1,1,1,1,3,3,3,3,3,3,3,3,3,3,3,
3,3,3,3,3,3,3,3,3,3,3,3,3,3,3,3,1,1,1,1,3,3,3,3,1,1,1,1,1,0,0,4,0,0,0,0,0,1,1,1,1,1,1,1,3,3,3,3,3,1,1,1,1,1,3,3,3,3,3,3,3,3,3,3,3,3,3,3,3,3,3,3,3,3,3,3,3,3,3,3,
3,3,3,3,3,3,3,3,3,3,3,3,3,3,3,3,3,3,3,3,3,3,3,3,3,3,3,1,1,1,1,1,0,0,0,1,1,1,3,3,3,3,3,3,3,3,3,3,3,3,3,3,3,3,3,3,3,3,3,3,3,3,3,3,3,3,3,3,3,3,3,3,3,3,3,3,3,3,3,3,
3,3,3,3,3,3,3,3,3,3,3,3,3,3,3,3,3,3,3,3,3,3,3,3,3,3,3,3,3,3,1,1,1,1,1,1,3,3,3,3,3,3,3,3,3,3,3,3,3,3,3,3,3,3,3,3,3,3,3,3,3,3,3,3,3,3,3,3,3,3,3,3,3,3,3,3,3,3,3,3,
3,3,3,3,3,3,3,3,3,3,3,3,3,3,3,3,3,3,3,3,3,3,3,3,3,3,3,3,3,3,3,3,3,3,3,3,3,3,3,3,3,3,3,3,3,3,3,3,3,3,3,3,3,3,3,3,3,3,3,3,3,3,3,3,3,3,3,3,3,3,3,3,3,3,3,3,3,3,3,3,
3,3,3,3,3,3,3,3,3,3,3,3,3,3,3,3,3,3,3,3,3,3,3,3,3,3,3,3,3,3,3,3,3,3,3,3,3,3,3,3,3,3,3,3,3,3,3,3,3,3,3,3,3,3,3,3,3,3,3,3,3,3,3,3,3,3,3,3,3,3,3,3,3,3,3,3,3,3,3,3,
3,3,3,3,3,3,3,3,3,3,3,3,3,3,3,3,3,3,3,3,3,3,3,3,3,3,3,3,3,3,3,3,3,3,3,3,3,3,3,3,3,3,3,3,3,3,3,3,3,3,3,3,3,3,3,3,3,3,3,3,3,3,3,3,3,3,3,3,3,3,3,3,3,3,3,3,3,3,3,3

[event]
# to Arrival
type=event
location=78,21,1,2
activate=on_trigger
hotspot=location
intermap=maps/arrival.txt,4,23
tooltip=Arrival

[event]
# to Skeleton Cave
type=event
location=5,18,2,2
activate=on_trigger
hotspot=location
intermap=maps/03_skeleton_cave.txt,38,17
tooltip=Skeleton Cave

[enemy]
type=enemy
location=67,20,5,5
category=brute
level=1
number=1

[enemy]
type=enemy
location=61,13,5,5
category=brute
level=1
number=1

[enemy]
type=enemy
location=50,11,5,5
category=archer
level=1
number=1

[enemy]
type=enemy
location=43,10,5,5
category=archer
level=1
number=1

[enemy]
type=enemy
location=60,24,5,5
category=archer
level=1
number=1

[enemy]
type=enemy
location=55,18,5,5
category=mage
level=1
number=1

[enemy]
type=enemy
location=35,10,5,5
category=mage
level=1
number=1

[enemy]
type=enemy
location=25,17,2,2
category=archer
level=1
number=1

[enemy]
type=enemy
location=34,27,2,2
category=archer
level=1
number=1

[enemy]
type=enemy
location=31,18,2,2
category=brute
level=1
number=1

[enemy]
type=enemy
location=24,27,2,2
category=mage
level=1
number=1

