[header]
width=60
height=60
tilewidth=64
tileheight=32
orientation=isometric
background_color=0,0,0,255
hero_pos=26,28
music=music/magical_theme.ogg
parallax_layers=maps/parallax/snow.txt
tileset=tilesetdefs/tileset_snowplains.txt
title=Thug Camp

[tilesets]
tileset=../../../tiled/snowplains/tiled_collision.png,64,32,0,0
tileset=../../../tiled/snowplains/snowplains.png,64,128,0,0
tileset=../../../tiled/snowplains/snowplains_water.png,64,64,0,32
tileset=../../../tiled/snowplains/snowplains_structures.png,64,256,0,0
tileset=../../../tiled/snowplains/snowplains_trees.png,128,256,-32,0
tileset=../../../tiled/snowplains/set_rules.png,64,32,0,0
tileset=../../../tiled/snowplains/tiled_snowplains_2x2.png,128,64,0,16
tileset=../../../tiled/snowplains/snowplains_ice.png,64,128,0,32
tileset=../../../tiled/snowplains/snowplains_other.png,64,128,0,0
tileset=../../../tiled/snowplains/snowplains_rottentower.png,358,358,0,48

[layer]
type=background
data=
31,27,24,25,24,24,24,29,24,24,29,29,24,29,17,25,25,25,24,24,24,29,0,0,30,25,19,16,17,17,29,29,30,31,27,24,24,24,29,17,29,30,30,27,27,17,29,30,31,27,24,25,24,24,24,29,29,30,31,27,
31,27,24,25,24,24,24,29,24,24,29,24,29,17,25,25,25,24,25,24,24,24,29,0,29,25,19,16,17,17,29,29,30,31,27,24,24,24,29,17,29,29,29,30,27,27,17,29,30,31,27,24,25,24,24,24,29,30,31,27,
31,27,24,25,24,24,24,29,24,24,29,24,17,25,25,24,24,24,25,24,24,24,29,17,17,25,19,16,17,17,29,29,30,31,27,24,24,24,29,17,29,17,17,29,30,27,27,17,29,30,31,27,24,25,24,24,24,29,27,24,
31,27,24,25,24,24,24,29,24,24,29,29,25,25,24,30,31,27,24,25,24,24,24,27,29,25,19,16,17,17,29,29,30,31,27,24,24,29,29,29,29,29,29,17,29,30,27,27,17,29,30,31,27,24,25,24,24,24,29,24,
31,27,24,25,24,24,24,29,24,24,29,17,25,24,29,30,31,27,24,25,24,24,24,27,30,25,19,16,17,17,29,29,30,31,27,24,24,29,24,29,29,30,30,29,17,29,30,27,27,17,29,30,31,27,24,25,24,24,24,29,
31,27,24,25,24,24,24,29,30,31,27,24,25,24,24,24,29,31,27,24,25,24,17,30,25,19,16,17,17,29,29,30,31,27,24,24,29,29,24,29,29,25,25,30,29,17,29,30,27,27,17,29,30,31,27,24,25,24,24,24,
31,27,24,25,24,24,24,29,29,30,31,27,24,25,24,24,24,29,31,27,24,25,27,29,25,19,16,17,17,29,29,30,31,27,24,24,29,24,29,29,29,30,25,25,30,29,17,29,30,27,27,17,29,30,31,27,24,25,24,24,
31,27,24,25,24,24,24,29,17,29,30,31,27,24,25,24,24,24,29,27,24,17,27,17,25,19,16,17,17,29,29,30,31,27,24,29,29,24,17,29,29,30,25,19,25,30,29,17,29,30,27,27,17,29,30,31,27,24,25,24,
31,27,24,25,24,24,24,29,17,29,30,31,27,24,25,24,24,24,29,31,27,27,30,29,25,19,16,17,17,29,29,30,31,27,24,29,24,29,25,29,29,30,25,19,16,25,30,29,17,29,30,27,27,17,29,30,31,27,24,25,
31,27,24,25,24,24,24,29,27,17,29,30,31,27,24,25,24,24,24,29,27,27,29,30,25,19,16,17,17,29,29,30,31,27,24,24,24,17,25,29,29,30,31,25,19,16,25,30,29,17,29,30,27,27,17,29,30,31,27,24,
31,27,24,25,24,24,24,29,27,17,29,30,31,27,24,25,24,24,24,29,17,30,17,25,19,16,17,17,29,29,30,31,27,24,24,24,29,25,24,29,29,30,31,25,19,16,17,25,30,29,17,29,30,27,17,29,30,31,27,24,
31,27,24,25,24,24,24,29,30,27,17,29,30,31,27,24,25,24,24,24,29,29,29,25,19,16,17,17,29,29,30,31,27,24,24,29,17,25,17,24,29,30,31,27,25,19,16,17,25,30,29,17,29,30,27,17,29,30,31,27,
31,27,24,25,24,24,24,29,29,27,27,17,29,30,31,27,24,25,24,24,24,29,30,25,19,16,17,17,29,29,30,31,27,24,29,17,25,24,25,24,29,30,31,27,24,25,19,16,17,25,30,29,17,29,27,27,17,29,30,31,
31,27,24,25,24,24,24,29,17,30,27,27,17,29,30,31,27,24,25,24,24,24,29,19,16,17,17,29,29,30,31,27,24,29,17,25,25,24,25,29,29,29,29,30,31,27,24,25,24,24,24,29,29,17,30,27,27,17,29,30,
27,24,25,24,24,24,29,29,29,29,30,27,17,29,30,31,27,24,25,24,24,24,29,19,16,17,17,29,29,30,31,27,24,17,25,25,24,27,24,17,29,29,24,25,30,31,27,24,24,24,24,29,29,29,29,29,27,27,17,29,
27,24,25,24,24,24,29,24,30,17,29,30,27,17,29,30,31,27,24,25,24,24,24,29,17,17,29,29,30,31,27,24,17,25,25,24,31,27,24,25,24,24,29,24,25,30,27,27,24,24,24,24,24,29,29,29,29,29,29,29,
27,24,25,24,24,24,29,24,25,29,17,29,27,17,29,30,31,27,24,25,24,24,24,29,17,17,29,29,30,31,27,24,25,25,24,30,31,27,24,25,24,29,29,27,24,25,30,27,24,25,24,24,24,24,24,24,29,29,29,29,
27,24,25,24,24,24,29,29,17,30,29,17,30,17,29,30,31,27,24,25,24,24,24,29,17,17,29,29,30,31,27,24,25,24,29,29,30,31,27,24,29,29,29,31,27,24,25,31,27,24,25,29,29,24,24,24,24,24,24,24,
27,24,25,24,24,24,29,17,17,25,30,29,29,27,17,29,30,31,27,24,25,24,24,24,29,29,29,30,31,27,24,25,24,17,29,29,30,31,27,24,17,24,29,30,27,24,25,30,27,24,25,17,17,29,29,29,24,24,24,24,
27,24,25,24,24,24,29,25,17,29,25,30,17,27,17,29,30,31,27,24,25,24,24,24,29,29,29,30,31,27,24,24,17,17,29,29,30,31,27,24,25,24,29,29,25,25,25,30,31,27,24,25,25,17,17,17,29,29,29,29,
31,27,24,25,24,24,24,29,17,29,29,25,29,30,17,29,30,31,27,24,25,24,24,24,29,29,29,30,31,27,24,16,17,17,29,29,30,31,27,24,25,29,24,29,29,29,25,25,30,27,24,25,25,25,25,25,17,17,17,17,
31,27,24,25,24,24,24,29,17,17,29,29,30,29,27,17,29,30,31,27,24,25,24,24,24,29,30,31,27,24,25,19,16,17,17,29,29,30,31,27,24,17,24,29,17,17,29,29,30,31,27,24,24,25,25,25,25,25,25,25,
31,27,24,25,24,24,24,29,17,17,29,29,25,17,27,17,29,30,31,27,24,25,24,24,24,29,30,31,27,24,25,19,16,17,17,29,29,30,31,27,24,25,29,24,19,16,17,17,29,29,30,31,27,24,24,24,25,25,25,25,
31,27,24,25,24,24,24,29,29,17,17,29,29,29,30,27,17,29,30,31,27,24,25,24,24,24,29,30,31,27,25,19,16,17,17,29,29,30,31,27,24,25,17,24,16,17,25,19,16,17,17,29,29,30,31,27,24,24,24,24,
31,27,24,25,24,24,24,29,29,17,17,29,29,30,29,27,17,29,30,31,27,24,25,24,24,24,29,29,29,30,31,25,19,16,17,17,29,29,30,31,27,24,25,29,19,16,17,17,29,29,25,19,16,17,17,29,29,30,31,27,
31,27,24,25,24,24,24,29,24,29,17,29,29,25,17,30,27,17,29,30,31,27,24,25,24,24,24,29,17,29,30,25,19,16,17,17,29,29,30,31,27,24,25,17,25,19,16,17,17,29,29,30,31,27,24,24,25,25,25,25,
31,27,24,25,24,24,24,29,24,29,29,17,29,29,29,29,27,17,29,30,31,27,24,25,24,24,24,29,22,17,0,0,0,238,16,17,17,29,29,30,31,27,24,25,22,23,25,19,16,17,17,29,29,30,31,27,24,24,25,25,
31,27,24,25,24,24,24,29,29,24,29,29,29,29,30,17,30,17,29,30,31,27,24,25,24,24,24,29,25,27,0,0,0,237,16,17,17,29,29,30,31,27,24,25,26,27,24,25,25,19,16,17,17,29,29,30,31,27,24,24,
31,27,24,25,24,24,24,29,17,24,24,29,29,29,29,29,29,17,29,30,31,27,24,25,24,24,24,29,29,31,0,0,0,236,19,16,17,17,29,29,30,31,27,24,30,31,28,29,30,31,28,29,30,17,29,30,31,27,24,27,
31,27,24,25,24,24,24,29,25,29,24,24,24,29,29,29,17,17,17,29,30,31,27,24,25,24,24,24,29,25,232,233,234,235,19,16,17,17,29,29,30,31,27,24,18,27,24,25,18,19,16,17,27,27,24,25,30,31,27,27,
30,31,27,24,25,24,24,24,29,17,29,24,24,24,24,29,29,27,17,29,30,31,27,24,25,24,24,24,29,29,25,21,17,17,18,19,16,17,29,23,20,23,20,29,30,27,27,24,25,23,29,29,30,27,27,24,25,30,27,30,
30,31,27,24,25,24,24,24,29,25,17,29,29,24,24,24,29,29,17,29,30,31,27,24,25,24,24,24,29,17,29,25,26,27,24,25,26,17,29,23,20,27,24,29,27,24,25,24,25,29,17,29,29,30,27,27,24,25,30,29,
30,31,27,24,25,24,24,24,29,25,25,17,17,29,29,24,24,29,29,29,30,31,27,24,25,24,24,24,29,16,17,29,30,31,28,29,30,17,29,23,20,25,29,30,27,24,25,24,25,17,18,17,29,29,30,31,27,24,25,17,
29,30,31,27,24,25,24,24,24,29,25,25,25,17,17,29,24,24,29,29,29,29,27,24,25,24,24,24,29,19,16,17,25,19,16,17,29,17,29,23,20,29,29,30,31,27,24,25,25,18,19,16,17,17,29,30,27,24,25,29,
29,30,31,27,24,25,24,24,24,29,24,25,25,25,25,17,29,24,24,24,29,29,29,25,24,24,24,29,29,19,16,17,29,23,20,29,17,17,29,23,20,17,17,29,30,27,24,25,24,25,16,17,17,29,27,24,25,25,25,30,
24,30,31,27,24,25,24,24,24,29,27,24,24,25,25,25,17,29,24,24,24,24,29,29,29,29,29,29,29,18,19,16,17,25,24,29,17,29,23,20,25,25,19,29,27,24,25,25,25,25,25,25,29,30,31,28,29,29,25,25,
24,24,31,27,24,27,27,24,25,24,24,27,24,25,24,24,24,24,29,29,24,24,24,29,29,29,29,24,24,18,19,16,29,29,30,31,17,29,23,20,25,29,27,24,25,27,24,25,24,24,24,24,25,25,19,16,17,17,29,29,
25,24,24,24,27,27,27,27,24,25,24,24,24,24,25,24,24,24,24,24,24,24,27,24,27,24,25,24,24,24,24,24,24,24,24,29,17,29,23,20,25,27,24,25,25,27,24,25,24,24,24,24,24,29,25,18,19,16,17,17,
24,25,24,24,24,27,27,27,27,24,25,24,24,24,24,25,24,24,24,24,24,24,24,27,24,25,24,24,24,24,24,24,24,24,24,24,17,29,27,24,25,24,24,24,24,24,24,25,24,24,24,24,24,17,29,25,27,24,25,24,
24,25,24,24,24,31,27,27,27,27,24,25,24,24,24,27,24,25,24,24,24,24,24,27,27,24,25,24,24,24,24,24,24,24,24,24,24,24,24,24,24,24,24,24,24,24,24,24,25,24,24,24,24,24,24,24,27,24,25,24,
27,24,25,24,24,24,27,31,27,27,27,24,25,24,24,24,27,27,24,25,24,24,24,27,27,27,24,25,24,24,24,24,24,24,24,24,24,24,24,24,24,24,24,24,24,24,24,24,25,24,24,24,24,24,24,24,27,27,24,25,
27,24,25,24,24,24,27,31,31,27,27,27,24,25,24,24,27,27,27,24,25,24,24,31,27,27,27,24,25,24,24,24,24,24,24,24,24,24,24,24,24,24,24,24,24,24,24,24,27,24,25,24,24,24,24,24,27,27,24,25,
27,27,24,25,24,24,24,24,31,31,27,27,27,24,25,24,27,27,27,27,24,25,24,31,31,27,27,27,24,25,24,24,24,24,24,24,24,24,24,24,24,27,24,25,24,24,24,24,27,24,25,24,24,24,24,24,31,27,24,25,
27,27,24,27,24,25,24,24,31,31,31,27,27,27,24,25,31,31,27,27,27,24,25,24,31,31,27,27,27,27,24,25,24,24,24,24,24,24,24,24,24,27,24,25,24,24,24,24,31,27,24,25,24,24,24,24,27,24,25,24,
31,27,27,27,27,24,25,24,24,31,31,31,27,27,24,25,31,31,31,27,27,27,24,25,24,31,31,27,27,27,27,27,24,25,24,24,24,24,24,24,27,27,24,25,24,24,24,24,24,31,27,24,25,24,24,24,24,24,25,24,
31,27,27,27,27,27,24,25,24,31,27,31,31,27,27,24,31,27,31,31,27,27,27,24,25,24,31,31,27,27,27,27,27,27,24,25,24,24,24,27,27,31,27,24,25,24,24,25,24,31,27,24,25,24,24,24,24,24,25,24,
27,31,27,31,27,27,27,27,24,25,31,27,31,27,27,27,31,27,24,31,31,27,27,24,25,27,24,31,31,31,27,27,27,27,27,27,27,27,27,27,27,31,27,24,25,24,24,24,25,31,31,27,24,25,24,24,24,24,25,24,
31,31,31,31,31,27,27,27,27,24,25,31,27,31,27,27,27,31,27,24,31,31,27,27,24,27,27,24,31,31,31,31,27,27,27,27,27,27,27,27,31,31,27,24,25,24,24,27,24,31,31,27,24,25,24,24,24,24,25,24,
31,27,31,31,31,31,27,27,27,27,24,25,31,31,31,27,27,31,27,24,25,31,27,27,27,27,27,27,24,25,31,31,31,31,27,27,27,27,27,31,31,27,24,25,24,24,24,24,27,31,27,31,27,24,25,24,24,24,24,24,
31,27,24,31,31,31,31,31,27,27,27,24,31,27,31,31,27,27,31,27,24,25,31,27,27,31,27,27,27,24,25,24,31,31,31,31,31,31,31,31,27,24,25,24,24,24,24,24,24,27,31,31,27,24,25,24,24,24,24,24,
31,27,24,25,31,27,31,31,31,27,27,27,27,31,27,31,31,27,31,27,24,25,31,31,27,31,31,27,27,27,24,25,24,27,31,31,31,31,31,27,24,25,24,24,24,24,24,24,24,27,31,27,31,27,24,25,24,24,24,24,
27,31,27,24,25,31,27,24,31,31,27,27,27,27,31,27,31,31,27,31,27,24,25,31,31,31,31,31,27,27,27,24,25,27,27,31,31,31,31,31,31,27,24,25,24,24,24,24,24,27,31,27,31,27,24,25,24,24,24,24,
31,31,27,24,25,31,27,24,25,31,31,27,27,27,27,31,27,31,31,31,27,24,25,24,31,31,31,31,31,27,27,27,24,31,31,31,27,31,31,31,31,31,27,24,25,24,24,24,24,31,31,27,24,31,27,24,25,24,24,24,
31,31,31,27,24,25,31,27,24,25,31,31,31,27,27,31,27,24,31,27,31,27,24,25,24,31,31,27,31,31,27,27,27,31,31,31,31,27,24,31,31,31,31,31,27,24,25,24,24,31,31,27,24,31,27,24,25,24,24,24,
24,31,31,27,24,25,31,31,27,24,25,31,31,31,27,27,31,27,24,31,31,27,27,24,25,24,24,24,24,24,24,27,27,31,27,31,31,27,24,25,31,31,31,31,27,24,25,24,24,24,31,31,27,31,27,24,25,24,24,24,
24,24,31,31,27,24,25,31,31,27,24,25,24,31,31,27,27,31,27,31,31,31,27,27,24,25,24,24,24,24,24,24,24,24,24,24,25,31,27,24,25,24,31,31,31,31,27,24,25,24,24,31,27,24,31,27,24,25,24,24,
24,24,24,31,27,24,25,31,31,31,27,24,25,24,31,31,27,31,27,24,31,31,27,27,27,24,25,24,24,24,24,24,24,24,24,24,24,25,31,27,24,25,24,24,31,31,31,27,24,25,24,31,27,24,31,27,24,25,24,24,
25,24,24,31,31,27,24,25,31,31,27,24,25,24,24,31,31,27,31,27,24,31,31,27,27,27,24,25,24,24,24,24,24,24,24,24,24,24,31,27,24,25,24,24,24,31,31,27,24,25,24,24,31,27,31,27,24,25,24,24,
25,24,24,24,31,27,24,25,24,31,31,27,24,25,24,24,31,31,27,31,27,24,31,31,27,27,27,27,24,25,24,24,24,24,24,24,24,24,24,31,27,24,25,24,24,24,24,31,27,24,25,24,24,31,31,31,27,24,25,24,
24,25,24,24,31,27,24,25,24,31,31,27,24,25,24,24,24,31,31,31,27,24,25,31,31,27,27,27,27,27,24,25,24,24,24,24,24,24,24,24,31,27,24,25,24,24,24,24,31,31,27,24,25,24,31,31,27,24,25,24

[layer]
type=background_fringe
data=
0,0,0,0,0,0,0,0,0,0,0,0,0,0,0,0,0,0,0,0,0,0,0,0,0,0,0,0,0,0,0,0,0,0,0,0,0,0,0,0,0,0,0,0,0,0,0,0,0,0,0,0,0,0,0,0,0,0,0,0,
0,0,0,0,0,0,0,0,0,0,0,0,0,0,0,0,0,0,0,0,0,0,0,0,0,0,0,0,0,0,0,0,0,0,0,0,0,0,0,0,0,0,0,0,0,0,0,0,0,0,0,0,0,0,0,0,0,0,0,0,
0,0,0,0,0,0,0,0,0,0,0,0,0,0,0,0,0,0,0,0,0,0,0,0,0,0,0,0,0,0,0,0,0,0,0,0,0,0,0,0,0,0,0,0,0,0,0,0,0,0,0,0,0,0,0,0,0,0,0,0,
0,0,0,0,0,0,0,0,0,0,0,0,0,0,0,0,0,0,0,0,0,0,0,0,0,0,0,0,0,0,0,0,0,0,0,0,0,0,0,0,0,0,0,0,0,0,0,0,0,0,0,0,0,0,0,0,0,0,0,0,
0,0,0,0,0,0,0,0,0,0,0,0,0,0,0,0,0,0,0,0,0,0,0,0,0,0,0,0,0,0,0,0,0,0,0,0,0,0,0,0,0,0,0,0,0,0,0,0,0,0,0,0,0,0,0,0,0,0,0,0,
0,0,0,0,0,0,0,0,0,0,0,0,0,0,0,0,0,0,0,0,0,0,0,0,0,0,0,0,0,0,0,0,0,0,0,0,0,0,0,0,0,0,0,0,0,0,0,0,0,0,0,0,0,0,0,0,0,0,0,0,
0,0,0,0,0,0,0,0,0,0,0,0,0,0,0,0,0,0,0,0,0,0,0,0,0,0,0,0,0,0,0,0,0,0,0,0,0,0,0,0,0,0,0,0,0,0,0,0,0,0,0,0,0,0,0,0,0,0,0,0,
0,0,0,0,0,0,0,0,0,0,0,0,0,0,0,0,0,0,0,0,0,0,0,0,0,0,0,0,0,0,0,0,0,0,0,0,0,0,0,0,0,0,0,0,0,0,0,0,0,0,0,0,0,0,0,0,0,0,0,0,
0,0,0,0,0,0,0,0,0,0,0,0,0,0,0,0,0,0,0,0,0,0,0,0,0,0,0,0,0,0,0,0,0,0,0,0,0,0,0,0,0,0,0,0,0,0,0,0,0,0,0,0,0,0,0,0,0,0,0,0,
0,0,0,0,0,0,0,0,0,0,0,0,0,0,0,0,0,0,0,0,0,0,0,0,0,0,0,0,0,0,0,0,0,0,0,0,0,0,0,0,0,0,0,0,0,0,0,0,0,0,0,0,0,0,0,0,0,0,0,0,
0,0,0,0,0,0,0,0,0,0,0,0,0,0,0,0,0,0,0,0,0,0,0,0,0,0,0,0,0,0,0,0,0,0,0,0,0,0,0,0,0,0,0,0,0,0,0,0,0,0,0,0,0,0,0,0,0,0,0,0,
0,0,0,0,0,0,0,0,0,0,0,0,0,0,0,0,0,0,0,0,0,0,0,0,0,0,0,0,0,0,0,0,0,0,0,0,0,0,0,0,0,0,0,0,0,0,0,0,0,0,0,0,0,0,0,0,0,0,0,0,
0,0,0,0,0,0,0,0,0,0,0,0,0,0,0,0,0,0,0,0,0,0,0,0,0,0,0,0,0,0,0,0,0,0,0,0,0,0,0,0,0,0,0,0,0,0,0,0,0,0,0,0,0,0,0,0,0,0,0,0,
0,0,0,0,0,0,0,0,0,0,0,0,0,0,0,0,0,0,0,0,0,0,0,0,0,0,0,0,0,0,0,0,0,0,0,0,0,0,0,0,0,0,0,0,0,0,0,0,0,0,0,0,0,0,0,0,0,0,0,0,
0,0,0,0,0,0,0,0,0,0,0,0,0,0,0,0,0,0,0,0,0,0,0,0,0,0,0,0,0,0,0,0,0,0,0,0,0,0,0,0,0,0,0,0,0,0,0,0,0,0,0,0,0,0,0,0,0,0,0,0,
0,0,0,0,0,0,0,0,0,0,0,0,0,0,0,0,0,0,0,0,0,0,0,0,0,0,0,0,0,0,0,0,0,0,0,0,0,0,0,0,0,0,0,0,0,0,0,0,0,0,0,0,0,0,0,0,0,0,0,0,
0,0,0,0,0,0,0,0,0,0,0,0,0,0,0,0,0,0,0,0,0,0,0,0,0,0,0,0,0,0,0,0,0,0,0,0,0,0,0,0,0,0,0,0,0,0,0,0,0,0,0,0,0,0,0,0,0,0,0,0,
0,0,0,0,0,0,0,0,0,0,0,0,0,0,0,0,0,0,0,0,0,0,0,0,0,0,0,0,0,0,0,0,0,0,0,0,0,0,0,0,0,0,0,0,0,0,0,0,0,0,0,0,0,0,0,0,0,0,0,0,
0,0,0,0,0,0,0,0,0,0,0,0,0,0,0,0,0,0,0,0,0,0,0,0,0,0,0,0,0,0,0,0,0,0,0,0,0,0,0,0,0,0,0,0,0,0,0,0,0,0,0,0,0,0,0,0,0,0,0,0,
0,0,0,0,0,0,0,0,0,0,0,0,0,0,0,0,0,0,0,0,0,0,0,0,0,0,0,0,0,0,0,0,0,0,0,0,0,0,0,0,0,0,0,0,0,0,0,0,0,0,0,0,0,0,0,0,0,0,0,0,
0,0,0,0,0,0,0,0,0,0,0,0,0,0,0,0,0,0,0,0,0,0,0,0,0,0,0,0,0,0,0,0,0,0,0,0,0,0,0,0,0,0,0,0,0,0,0,0,0,0,0,0,0,0,0,0,0,0,0,0,
0,0,0,0,0,0,0,0,0,0,0,0,0,0,0,0,0,0,0,0,0,0,0,0,0,0,0,0,0,0,0,0,0,0,0,0,0,0,0,0,0,0,0,0,0,0,0,0,0,0,0,0,0,0,0,0,0,0,0,0,
0,0,0,0,0,0,0,0,0,0,0,0,0,0,0,0,0,0,0,0,0,0,0,0,0,0,0,0,0,0,0,0,0,0,0,0,0,0,0,0,0,0,0,0,0,0,0,0,0,0,0,0,0,0,0,0,0,0,0,0,
0,0,0,0,0,0,0,0,0,0,0,0,0,0,0,0,0,0,0,0,0,0,0,0,0,0,0,0,0,0,0,0,0,0,0,0,0,0,0,0,0,0,0,0,0,0,0,0,0,0,0,0,0,0,0,0,0,0,0,0,
0,0,0,0,0,0,0,0,0,0,0,0,0,0,0,0,0,0,0,0,0,0,0,0,0,0,0,0,0,0,0,0,0,0,0,0,0,0,0,0,0,0,0,0,0,0,0,0,0,0,0,0,0,0,0,0,0,0,0,0,
0,0,0,0,0,0,0,0,0,0,0,0,0,0,0,0,0,0,0,0,0,0,0,0,0,0,0,0,0,0,0,0,0,0,0,0,0,0,0,0,0,0,0,0,0,0,0,0,0,0,0,0,0,0,0,0,0,0,0,0,
0,0,0,0,0,0,0,0,0,0,0,0,0,0,0,0,0,0,0,0,0,0,0,0,0,0,0,0,0,0,0,0,0,0,0,0,0,0,0,0,0,0,0,0,0,0,0,0,0,0,0,0,0,0,0,0,0,0,0,0,
0,0,0,0,0,0,0,0,0,0,0,0,0,0,0,0,0,0,0,0,0,0,0,0,0,0,0,0,0,0,0,0,0,0,0,0,0,0,0,0,0,0,0,0,0,0,0,0,0,0,0,0,0,0,0,0,0,0,0,0,
0,0,0,0,0,0,0,0,0,0,0,0,0,0,0,0,0,0,0,0,0,0,0,0,0,0,0,0,0,0,0,0,0,0,0,0,0,0,0,0,0,0,0,0,0,0,0,0,0,0,0,0,0,0,0,0,0,0,0,0,
0,0,0,0,0,0,0,0,0,0,0,0,0,0,0,0,0,0,0,0,0,0,0,0,0,0,0,0,0,0,0,0,0,0,0,0,0,0,0,0,0,0,0,0,0,0,0,0,0,0,0,0,0,0,0,0,0,0,0,0,
0,0,0,0,0,0,0,0,0,0,0,0,0,0,0,0,0,0,0,0,0,0,0,0,0,0,0,0,0,0,0,0,0,0,0,0,0,0,0,0,0,0,0,0,0,0,0,0,0,0,0,0,0,0,0,0,0,0,0,0,
0,0,0,0,0,0,0,0,0,0,0,0,0,0,0,0,0,0,0,0,0,0,0,0,0,0,0,0,0,0,0,0,0,0,0,0,0,0,0,0,0,0,0,0,0,0,0,0,0,0,0,0,0,0,0,0,0,0,0,0,
0,0,0,0,0,0,0,0,0,0,0,0,0,0,0,0,0,0,0,0,0,0,0,0,0,0,0,0,0,0,0,0,0,0,0,0,0,0,0,0,0,0,0,0,0,0,0,0,0,0,0,0,0,0,0,0,0,0,0,0,
0,0,0,0,0,0,0,0,0,0,0,0,0,0,0,0,0,0,0,0,0,0,0,0,0,0,0,0,0,0,0,0,0,0,0,0,0,0,0,0,0,0,0,0,0,0,0,0,0,0,0,0,0,0,0,0,0,0,0,0,
0,0,0,0,0,0,0,0,0,0,0,0,0,0,0,0,0,0,0,0,0,0,0,0,0,0,0,0,0,0,0,0,0,0,0,0,0,0,0,0,0,0,0,0,0,0,0,0,0,0,0,0,0,0,0,0,0,0,0,0,
0,0,0,0,0,0,0,0,0,0,0,0,0,0,0,0,0,0,0,0,0,0,0,0,0,0,0,0,0,0,0,0,0,0,0,0,0,0,0,0,0,0,0,0,0,0,0,0,0,0,0,0,0,0,0,0,0,0,0,0,
0,0,0,0,0,0,0,0,0,0,0,0,0,0,0,0,0,0,0,0,0,0,0,0,0,0,0,0,0,0,0,0,0,0,0,0,0,0,0,0,0,0,0,0,0,0,0,0,0,0,0,0,0,0,0,0,0,0,0,0,
0,0,0,0,0,0,0,0,0,0,0,0,0,0,0,0,0,0,0,0,0,0,0,0,0,0,0,0,0,0,0,0,0,0,0,0,0,0,0,0,0,0,0,0,0,0,0,0,0,0,0,0,0,0,0,0,0,0,0,0,
0,0,0,0,0,0,0,0,0,0,0,0,0,0,0,0,0,0,0,0,0,0,0,0,0,0,0,0,0,0,0,0,0,0,0,0,0,0,0,0,0,0,0,0,0,0,0,0,0,0,0,0,0,0,0,0,0,0,0,0,
0,0,0,0,0,0,0,0,0,0,0,0,0,0,0,0,0,0,0,0,0,0,0,0,0,0,0,0,0,0,0,0,0,0,0,0,0,0,0,0,0,0,0,0,0,0,0,0,0,0,0,0,0,0,0,0,0,0,0,0,
0,0,0,0,0,0,0,0,0,0,0,0,0,0,0,0,0,0,0,0,0,0,0,0,0,0,0,0,0,0,0,0,0,0,0,0,0,0,0,0,0,0,0,0,0,0,0,0,0,0,0,0,0,0,0,0,0,0,0,0,
0,0,0,0,0,0,0,0,0,0,0,0,0,0,0,0,0,0,0,0,0,0,0,0,0,0,0,0,0,0,0,0,0,0,0,0,0,0,0,0,0,0,0,0,0,0,0,0,0,0,0,0,0,0,0,0,0,0,0,0,
0,0,0,0,0,0,0,0,0,0,0,0,0,0,0,0,0,0,0,0,0,0,0,0,0,0,0,0,0,0,0,0,0,0,0,0,0,0,0,0,0,0,0,0,0,0,0,0,0,0,0,0,0,0,0,0,0,0,0,0,
0,0,0,0,0,0,0,0,0,0,0,0,0,0,0,0,0,0,0,0,0,0,0,0,0,0,0,0,0,0,0,0,0,0,0,0,0,0,0,0,0,0,0,0,0,0,0,0,0,0,0,0,0,0,0,0,0,0,0,0,
0,0,0,0,0,0,0,0,0,0,0,0,0,0,0,0,0,0,0,0,0,0,0,0,0,0,0,0,0,0,0,0,0,0,0,0,0,0,0,0,0,0,0,0,0,0,0,0,0,0,0,0,0,0,0,0,0,0,0,0,
0,0,0,0,0,0,0,0,0,0,0,0,0,0,0,0,0,0,0,0,0,0,0,0,0,0,0,0,0,0,0,0,0,0,0,0,0,0,0,0,0,0,0,0,0,0,0,0,0,0,0,0,0,0,0,0,0,0,0,0,
0,0,0,0,0,0,0,0,0,0,0,0,0,0,0,0,0,0,0,0,0,0,0,0,0,0,0,0,0,0,0,0,0,0,0,0,0,0,0,0,0,0,0,0,0,0,0,0,0,0,0,0,0,0,0,0,0,0,0,0,
0,0,0,0,0,0,0,0,0,0,0,0,0,0,0,0,0,0,0,0,0,0,0,0,0,0,0,0,0,0,0,0,0,0,0,0,0,0,0,0,0,0,0,0,0,0,0,0,0,0,0,0,0,0,0,0,0,0,0,0,
0,0,0,0,0,0,0,0,0,0,0,0,0,0,0,0,0,0,0,0,0,0,0,0,0,0,0,0,0,0,0,0,0,0,0,0,0,0,0,0,0,0,0,0,0,0,0,0,0,0,0,0,0,0,0,0,0,0,0,0,
0,0,0,0,0,0,0,0,0,0,0,0,0,0,0,0,0,0,0,0,0,0,0,0,0,0,0,0,0,0,0,0,0,0,0,0,0,0,0,0,0,0,0,0,0,0,0,0,0,0,0,0,0,0,0,0,0,0,0,0,
0,0,0,0,0,0,0,0,0,0,0,0,0,0,0,0,0,0,0,0,0,0,0,0,0,0,0,0,0,0,0,0,0,0,0,0,0,0,0,0,0,0,0,0,0,0,0,0,0,0,0,0,0,0,0,0,0,0,0,0,
0,0,0,0,0,0,0,0,0,0,0,0,0,0,0,0,0,0,0,0,0,0,0,0,0,0,0,0,0,0,0,0,0,0,0,0,0,0,0,0,0,0,0,0,0,0,0,0,0,0,0,0,0,0,0,0,0,0,0,0,
0,0,0,0,0,0,0,0,0,0,0,0,0,0,0,0,0,0,0,0,0,0,0,0,0,0,0,0,0,0,0,0,0,0,0,0,0,0,0,0,0,0,0,0,0,0,0,0,0,0,0,0,0,0,0,0,0,0,0,0,
0,0,0,0,0,0,0,0,0,0,0,0,0,0,0,0,0,0,0,0,0,0,0,0,0,0,0,0,0,0,0,0,0,0,0,0,0,0,0,0,0,0,0,0,0,0,0,0,0,0,0,0,0,0,0,0,0,0,0,0,
0,0,0,0,0,0,0,0,0,0,0,0,0,0,0,0,0,0,0,0,0,0,0,0,0,0,0,0,0,0,0,0,0,0,0,0,0,0,0,0,0,0,0,0,0,0,0,0,0,0,0,0,0,0,0,0,0,0,0,0,
0,0,0,0,0,0,0,0,0,0,0,0,0,0,0,0,0,0,0,0,0,0,0,0,0,0,0,0,0,0,0,0,0,0,0,0,0,0,0,0,0,0,0,0,0,0,0,0,0,0,0,0,0,0,0,0,0,0,0,0,
0,0,0,0,0,0,0,0,0,0,0,0,0,0,0,0,0,0,0,0,0,0,0,0,0,0,0,0,0,0,0,0,0,0,0,0,0,0,0,0,0,0,0,0,0,0,0,0,0,0,0,0,0,0,0,0,0,0,0,0,
0,0,0,0,0,0,0,0,0,0,0,0,0,0,0,0,0,0,0,0,0,0,0,0,0,0,0,0,0,0,0,0,0,0,0,0,0,0,0,0,0,0,0,0,0,0,0,0,0,0,0,0,0,0,0,0,0,0,0,0,
0,0,0,0,0,0,0,0,0,0,0,0,0,0,0,0,0,0,0,0,0,0,0,0,0,0,0,0,0,0,0,0,0,0,0,0,0,0,0,0,0,0,0,0,0,0,0,0,0,0,0,0,0,0,0,0,0,0,0,0,
0,0,0,0,0,0,0,0,0,0,0,0,0,0,0,0,0,0,0,0,0,0,0,0,0,0,0,0,0,0,0,0,0,0,0,0,0,0,0,0,0,0,0,0,0,0,0,0,0,0,0,0,0,0,0,0,0,0,0,0

[layer]
type=snow_bottom
data=
0,0,0,0,0,0,0,0,0,0,0,0,0,0,0,0,0,0,0,0,0,0,0,0,0,0,0,0,0,0,0,0,0,0,0,0,0,0,0,0,0,0,0,0,0,0,0,0,0,0,0,0,0,0,0,0,0,0,0,0,
0,0,0,0,0,0,0,0,0,0,0,0,0,0,0,0,0,0,0,0,0,0,0,0,0,0,0,0,0,0,0,0,0,0,0,0,0,0,0,0,0,0,0,0,0,0,0,0,0,0,0,0,0,0,0,0,0,0,0,0,
0,0,0,0,0,0,0,0,0,0,0,0,0,0,0,0,0,0,0,0,0,0,0,0,0,0,0,0,0,0,0,0,0,0,0,0,0,0,0,0,0,0,0,0,0,0,0,0,0,0,0,0,0,0,0,0,0,0,0,0,
0,0,0,0,0,0,0,0,0,0,0,0,0,0,0,0,0,0,0,0,0,0,0,0,0,0,0,0,0,0,0,0,0,0,0,0,0,0,0,0,0,0,0,0,0,0,0,0,0,0,0,0,0,0,0,0,0,0,0,0,
0,0,0,0,0,0,0,0,0,0,0,0,0,0,0,0,0,0,0,0,0,0,0,0,0,0,0,0,0,0,0,0,0,0,0,0,0,0,0,0,0,0,0,0,0,0,0,0,0,0,0,0,0,0,0,0,0,0,0,0,
0,0,0,0,0,0,0,0,0,0,0,0,0,0,0,0,0,0,0,0,0,0,0,0,0,0,0,0,0,0,0,0,0,0,0,0,0,0,0,0,0,0,0,0,0,0,0,0,0,0,0,0,0,0,0,0,0,0,0,0,
0,0,0,0,0,0,0,0,0,0,0,0,0,0,0,0,0,0,0,0,0,0,0,0,0,0,0,0,0,0,0,0,0,0,0,0,0,0,0,0,0,0,0,0,0,0,0,0,0,0,0,0,0,0,0,0,0,0,0,0,
0,0,0,0,0,0,0,0,0,0,0,0,0,0,0,0,0,0,0,0,0,0,0,0,0,0,0,0,0,0,0,0,0,0,0,0,0,0,0,0,0,0,0,0,0,0,0,0,0,0,0,0,0,0,0,0,0,0,0,0,
0,0,0,0,0,0,0,0,0,0,0,0,0,0,0,0,0,0,0,0,0,0,0,0,0,0,0,0,0,0,0,0,0,0,0,0,0,0,0,0,0,0,0,0,0,0,0,0,0,0,0,0,0,0,0,0,0,0,0,0,
0,0,0,0,0,0,0,0,0,0,0,0,0,0,0,0,0,0,0,0,0,0,0,0,0,0,0,0,0,0,0,0,0,0,0,0,0,0,0,0,0,0,0,0,0,0,0,0,0,0,0,0,0,0,0,0,0,0,0,0,
0,0,0,0,0,0,0,0,0,0,0,0,0,0,0,0,0,0,0,0,0,0,0,0,0,0,0,0,0,0,0,0,0,0,0,0,0,0,0,0,0,0,0,0,0,0,0,0,0,0,0,0,0,0,0,0,0,0,0,0,
0,0,0,0,0,0,0,0,0,0,0,0,0,0,0,0,0,0,0,0,0,0,0,0,0,0,0,0,0,0,0,0,0,0,0,0,0,0,0,0,0,0,0,0,0,0,0,0,0,0,0,0,0,0,0,0,0,0,0,0,
0,0,0,0,0,0,0,0,0,0,0,0,0,0,0,0,0,0,0,0,0,0,0,0,0,0,0,0,0,0,0,0,0,0,0,0,0,0,0,0,0,0,0,0,0,0,0,0,0,0,0,0,0,0,0,0,0,0,0,0,
0,0,0,0,0,0,0,0,0,0,0,0,0,0,0,0,0,0,0,0,0,0,0,0,0,0,0,0,0,0,0,0,0,0,0,0,0,0,0,0,0,0,0,0,0,0,0,0,0,0,0,0,0,0,0,0,0,0,0,0,
0,0,0,0,0,0,0,0,0,0,0,0,0,0,0,0,0,0,0,0,0,0,0,0,0,0,0,0,0,0,0,0,0,0,0,0,0,0,0,0,0,0,0,0,0,0,0,0,0,0,0,0,0,0,0,0,0,0,0,0,
0,0,0,0,0,0,0,0,0,0,0,0,0,0,0,0,0,0,0,0,0,0,0,0,0,0,0,0,0,0,0,0,0,0,0,0,0,0,0,0,0,0,0,0,0,0,0,0,0,0,0,0,0,0,0,0,0,0,0,0,
0,0,0,0,0,0,0,0,0,0,0,0,0,0,0,0,0,0,0,0,0,0,0,0,0,0,0,0,0,0,0,0,0,0,0,0,0,0,0,0,0,0,0,0,0,0,0,0,0,0,0,0,0,0,0,0,0,0,0,0,
0,0,0,0,0,0,0,0,0,0,0,0,0,0,0,0,0,0,0,0,0,0,0,0,0,0,0,0,0,0,0,0,0,0,0,0,0,0,0,0,0,0,0,0,0,0,0,0,0,0,0,0,0,0,0,0,0,0,0,0,
0,0,0,0,0,0,0,0,0,0,0,0,0,0,0,0,0,0,0,0,0,0,0,0,0,0,0,0,0,0,0,0,0,0,0,0,0,0,0,0,0,0,0,0,0,0,0,0,0,0,0,0,0,0,0,0,0,0,0,0,
0,0,0,0,0,0,0,0,0,0,0,0,0,0,0,0,0,0,0,0,0,0,0,0,0,0,0,0,0,0,0,0,0,0,0,0,0,0,0,0,0,0,0,0,0,0,0,0,0,0,0,0,0,0,0,0,0,0,0,0,
0,0,0,0,0,0,0,0,0,0,0,0,0,0,0,0,0,0,0,0,0,0,0,0,0,0,0,0,0,0,0,0,0,0,0,0,0,0,0,0,0,0,0,0,0,0,0,0,0,0,0,0,0,0,0,0,0,0,0,0,
0,0,0,0,0,0,0,0,0,0,0,0,0,0,0,0,0,0,0,0,0,0,0,0,0,0,0,0,0,0,0,0,0,0,0,0,0,0,0,0,0,0,0,0,0,0,0,0,0,0,0,0,0,0,0,0,0,0,0,0,
0,0,0,0,0,0,0,0,0,0,0,0,0,0,0,0,0,0,0,0,0,0,0,0,0,0,0,0,0,0,0,0,0,0,0,0,0,0,0,0,0,0,0,0,0,0,0,0,0,0,0,0,0,0,0,0,0,0,0,0,
0,0,0,0,0,0,0,0,0,0,0,0,0,0,0,0,0,0,0,0,0,0,0,0,0,0,0,0,0,0,0,0,0,0,0,0,0,0,0,0,0,0,0,0,0,0,0,0,0,0,0,0,0,0,0,0,0,0,0,0,
0,0,0,0,0,0,0,0,0,0,0,0,0,0,0,0,0,0,0,0,0,0,0,0,0,0,0,0,0,0,0,0,0,0,0,0,0,0,0,0,0,0,0,0,0,0,0,0,0,0,0,0,0,0,0,0,0,0,0,0,
0,0,0,0,0,0,0,0,0,0,0,0,0,0,0,0,0,0,0,0,0,0,0,0,0,0,0,0,0,0,0,0,0,0,0,0,0,0,0,0,0,0,0,0,0,0,0,0,0,0,0,0,0,0,0,0,0,0,0,0,
0,0,0,0,0,0,0,0,0,0,0,0,0,0,0,0,0,0,0,0,0,0,0,0,0,0,0,0,0,0,0,0,0,0,0,0,0,0,0,0,0,0,0,0,0,0,0,0,0,0,0,0,0,0,0,0,0,0,0,0,
0,0,0,0,0,0,0,0,0,0,0,0,0,0,0,0,0,0,0,0,0,0,0,0,0,0,0,0,0,0,0,0,0,0,0,0,0,0,0,0,0,0,0,0,0,0,0,0,0,0,0,0,0,0,0,0,0,0,0,0,
0,0,0,0,0,0,0,0,0,0,0,0,0,0,0,0,0,0,0,0,0,0,0,0,0,0,0,0,0,0,0,0,0,0,0,0,0,0,0,0,0,0,0,0,0,0,0,0,0,0,0,0,0,0,0,0,0,0,0,0,
0,0,0,0,0,0,0,0,0,0,0,0,0,0,0,0,0,0,0,0,0,0,0,0,0,0,0,0,0,0,0,0,0,0,0,0,0,0,0,0,0,0,0,0,0,0,0,0,0,0,0,0,0,0,0,0,0,0,0,0,
0,0,0,0,0,0,0,0,0,0,0,0,0,0,0,0,0,0,0,0,0,0,0,0,0,0,0,0,0,0,0,0,0,0,0,0,0,0,0,0,0,0,0,0,0,0,0,0,0,0,0,0,0,0,0,0,0,0,0,0,
0,0,0,0,0,0,0,0,0,0,0,0,0,0,0,0,0,0,0,0,0,0,0,0,0,0,0,0,0,0,0,0,0,0,0,0,0,0,0,0,0,0,0,0,0,0,0,0,0,0,0,0,0,0,0,0,0,0,0,0,
0,0,0,0,0,0,0,0,0,0,0,0,0,0,0,0,0,0,0,0,0,0,0,0,0,0,0,0,0,0,0,0,0,0,0,0,0,0,0,0,0,0,0,0,0,0,0,0,0,0,0,0,0,0,0,0,0,0,0,0,
0,0,0,0,0,0,0,0,0,0,0,0,0,0,0,0,0,0,0,0,0,0,0,0,0,0,0,0,0,0,0,0,0,0,0,0,0,0,0,0,0,0,0,0,0,0,0,0,0,0,0,0,0,0,0,0,0,0,0,0,
0,0,0,0,0,0,0,0,0,0,0,0,0,0,0,0,0,0,0,0,0,0,0,0,0,0,0,0,0,0,0,0,0,0,0,0,0,0,0,0,0,0,0,0,0,0,0,0,0,0,0,0,0,0,0,0,0,0,0,0,
0,0,0,0,0,0,0,0,0,0,0,0,0,0,0,0,0,0,0,0,0,0,0,0,0,0,0,0,0,0,0,0,0,0,0,0,0,0,0,0,0,0,0,0,0,0,0,0,0,0,0,0,0,0,0,0,0,0,0,0,
0,0,0,0,0,0,0,0,0,0,0,0,0,0,0,0,0,0,0,0,0,0,0,0,0,0,0,0,0,0,0,0,0,0,0,0,0,0,0,0,0,0,0,0,0,0,0,0,0,0,0,0,0,0,0,0,0,0,0,0,
0,0,0,0,0,0,0,0,0,0,0,0,0,0,0,0,0,0,0,0,0,0,0,0,0,0,0,0,0,0,0,0,0,0,0,0,0,0,0,0,0,0,0,0,0,0,0,0,0,0,0,0,0,0,0,0,0,0,0,0,
0,0,0,0,0,0,0,0,0,0,0,0,0,0,0,0,0,0,0,0,0,0,0,0,0,0,0,0,0,0,0,0,0,0,0,0,0,0,0,0,0,0,0,0,0,0,0,0,0,0,0,0,0,0,0,0,0,0,0,0,
0,0,0,0,0,0,0,0,0,0,0,0,0,0,0,0,0,0,0,0,0,0,0,0,0,0,0,0,0,0,0,0,0,0,0,0,0,0,0,0,0,0,0,0,0,0,0,0,0,0,0,0,0,0,0,0,0,0,0,0,
0,0,0,0,0,0,0,0,0,0,0,0,0,0,0,0,0,0,0,0,0,0,0,0,0,0,0,0,0,0,0,0,0,0,0,0,0,0,0,0,0,0,0,0,0,0,0,0,0,0,0,0,0,0,0,0,0,0,0,0,
0,0,0,0,0,0,0,0,0,0,0,0,0,0,0,0,0,0,0,0,0,0,0,0,0,0,0,0,0,0,0,0,0,0,0,0,0,0,0,0,0,0,0,0,0,0,0,0,0,0,0,0,0,0,0,0,0,0,0,0,
0,0,0,0,0,0,0,0,0,0,0,0,0,0,0,0,0,0,0,0,0,0,0,0,0,0,0,0,0,0,0,0,0,0,0,0,0,0,0,0,0,0,0,0,0,0,0,0,0,0,0,0,0,0,0,0,0,0,0,0,
0,0,0,0,0,0,0,0,0,0,0,0,0,0,0,0,0,0,0,0,0,0,0,0,0,0,0,0,0,0,0,0,0,0,0,0,0,0,0,0,0,0,0,0,0,0,0,0,0,0,0,0,0,0,0,0,0,0,0,0,
0,0,0,0,0,0,0,0,0,0,0,0,0,0,0,0,0,0,0,0,0,0,0,0,0,0,0,0,0,0,0,0,0,0,0,0,0,0,0,0,0,0,0,0,0,0,0,0,0,0,0,0,0,0,0,0,0,0,0,0,
0,0,0,0,0,0,0,0,0,0,0,0,0,0,0,0,0,0,0,0,0,0,0,0,0,0,0,0,0,0,0,0,0,0,0,0,0,0,0,0,0,0,0,0,0,0,0,0,0,0,0,0,0,0,0,0,0,0,0,0,
0,0,0,0,0,0,0,0,0,0,0,0,0,0,0,0,0,0,0,0,0,0,0,0,0,0,0,0,0,0,0,0,0,0,0,0,0,0,0,0,0,0,0,0,0,0,0,0,0,0,0,0,0,0,0,0,0,0,0,0,
0,0,0,0,0,0,0,0,0,0,0,0,0,0,0,0,0,0,0,0,0,0,0,0,0,0,0,0,0,0,0,0,0,0,0,0,0,0,0,0,0,0,0,0,0,0,0,0,0,0,0,0,0,0,0,0,0,0,0,0,
0,0,0,0,0,0,0,0,0,0,0,0,0,0,0,0,0,0,0,0,0,0,0,0,0,0,0,0,0,0,0,0,0,0,0,0,0,0,0,0,0,0,0,0,0,0,0,0,0,0,0,0,0,0,0,0,0,0,0,0,
0,0,0,0,0,0,0,0,0,0,0,0,0,0,0,0,0,0,0,0,0,0,0,0,0,0,0,0,0,0,0,0,0,0,0,0,0,0,0,0,0,0,0,0,0,0,0,0,0,0,0,0,0,0,0,0,0,0,0,0,
0,0,0,0,0,0,0,0,0,0,0,0,0,0,0,0,0,0,0,0,0,0,0,0,0,0,0,0,0,0,0,0,0,0,0,0,0,0,0,0,0,0,0,0,0,0,0,0,0,0,0,0,0,0,0,0,0,0,0,0,
0,0,0,0,0,0,0,0,0,0,0,0,0,0,0,0,0,0,0,0,0,0,0,0,0,0,0,0,0,0,0,0,0,0,0,0,0,0,0,0,0,0,0,0,0,0,0,0,0,0,0,0,0,0,0,0,0,0,0,0,
0,0,0,0,0,0,0,0,0,0,0,0,0,0,0,0,0,0,0,0,0,0,0,0,0,0,0,0,0,0,0,0,0,0,0,0,0,0,0,0,0,0,0,0,0,0,0,0,0,0,0,0,0,0,0,0,0,0,0,0,
0,0,0,0,0,0,0,0,0,0,0,0,0,0,0,0,0,0,0,0,0,0,0,0,0,0,0,0,0,0,0,0,0,0,0,0,0,0,0,0,0,0,0,0,0,0,0,0,0,0,0,0,0,0,0,0,0,0,0,0,
0,0,0,0,0,0,0,0,0,0,0,0,0,0,0,0,0,0,0,0,0,0,0,0,0,0,0,0,0,0,0,0,0,0,0,0,0,0,0,0,0,0,0,0,0,0,0,0,0,0,0,0,0,0,0,0,0,0,0,0,
0,0,0,0,0,0,0,0,0,0,0,0,0,0,0,0,0,0,0,0,0,0,0,0,0,0,0,0,0,0,0,0,0,0,0,0,0,0,0,0,0,0,0,0,0,0,0,0,0,0,0,0,0,0,0,0,0,0,0,0,
0,0,0,0,0,0,0,0,0,0,0,0,0,0,0,0,0,0,0,0,0,0,0,0,0,0,0,0,0,0,0,0,0,0,0,0,0,0,0,0,0,0,0,0,0,0,0,0,0,0,0,0,0,0,0,0,0,0,0,0,
0,0,0,0,0,0,0,0,0,0,0,0,0,0,0,0,0,0,0,0,0,0,0,0,0,0,0,0,0,0,0,0,0,0,0,0,0,0,0,0,0,0,0,0,0,0,0,0,0,0,0,0,0,0,0,0,0,0,0,0,
0,0,0,0,0,0,0,0,0,0,0,0,0,0,0,0,0,0,0,0,0,0,0,0,0,0,0,0,0,0,0,0,0,0,0,0,0,0,0,0,0,0,0,0,0,0,0,0,0,0,0,0,0,0,0,0,0,0,0,0,
0,0,0,0,0,0,0,0,0,0,0,0,0,0,0,0,0,0,0,0,0,0,0,0,0,0,0,0,0,0,0,0,0,0,0,0,0,0,0,0,0,0,0,0,0,0,0,0,0,0,0,0,0,0,0,0,0,0,0,0

[layer]
type=object
data=
0,0,0,0,0,0,0,0,0,0,0,0,0,0,0,0,0,0,0,0,0,0,0,80,80,80,0,0,0,0,0,0,0,0,0,0,0,0,80,0,0,0,0,0,0,0,0,0,0,0,0,0,0,0,0,0,0,0,0,0,
0,0,0,0,0,0,0,0,0,0,0,0,0,0,0,0,0,0,0,0,0,0,0,80,80,80,80,80,0,0,0,0,0,0,0,0,0,0,80,0,0,0,0,0,0,80,0,0,0,0,0,0,0,0,0,0,0,0,0,0,
0,0,0,0,0,0,0,0,0,80,80,80,0,0,0,0,0,0,0,0,0,0,0,80,56,49,57,80,80,80,0,0,0,0,0,0,0,0,80,48,0,0,0,0,65,57,0,0,0,0,0,0,0,0,0,0,0,0,0,0,
0,0,0,0,0,0,0,0,80,80,56,61,80,0,0,0,0,0,0,0,0,0,80,56,64,0,69,49,57,80,80,80,0,0,0,0,0,0,80,52,0,0,0,0,0,54,80,0,0,0,0,0,0,0,0,0,0,0,0,0,
0,0,0,0,0,0,0,80,80,60,68,69,61,80,80,0,0,0,0,0,0,0,80,48,0,0,0,0,69,53,57,80,80,0,0,0,0,0,80,52,0,0,0,0,0,50,80,80,0,0,0,0,0,0,0,0,0,0,0,0,
0,0,0,0,0,0,80,80,56,68,0,0,69,53,61,80,0,0,0,0,0,0,80,52,0,0,0,0,0,0,65,57,80,80,80,80,80,80,80,52,0,0,0,0,0,65,57,80,80,0,0,0,0,0,0,0,0,0,0,0,
0,0,0,0,0,0,80,56,68,0,0,0,0,0,50,80,80,80,0,0,0,0,80,48,0,0,0,0,0,0,0,69,49,49,57,80,80,60,49,68,0,0,0,0,0,0,65,57,80,80,0,0,0,0,0,0,0,0,0,0,
0,0,0,0,0,80,80,63,67,0,0,0,126,0,65,53,61,80,80,80,80,80,80,52,0,0,0,0,0,0,0,0,0,0,65,49,49,64,0,0,0,0,0,0,0,0,0,69,61,80,80,80,0,0,0,0,0,0,0,0,
0,0,0,0,0,0,80,80,48,0,245,0,0,0,0,0,69,49,53,49,49,53,49,64,120,0,0,0,0,0,114,0,0,0,0,0,0,0,119,0,0,0,0,119,0,0,0,0,65,53,57,80,80,0,0,0,0,0,0,0,
0,0,0,0,0,0,0,80,63,71,0,0,0,0,0,245,0,0,0,0,0,0,0,0,0,0,0,0,0,0,0,0,0,0,0,0,0,0,0,0,246,0,118,0,0,0,0,125,0,0,65,57,80,0,0,0,0,0,0,0,
0,0,0,0,0,0,0,0,80,63,71,0,122,0,0,0,0,0,0,0,0,0,0,0,0,0,0,0,0,0,0,0,0,0,0,0,0,125,0,0,0,0,0,0,0,0,0,0,0,0,0,65,61,80,0,0,0,0,0,0,
0,0,0,0,0,0,0,0,0,80,63,71,0,0,0,0,0,0,0,0,0,0,0,0,0,0,0,0,0,0,0,0,0,0,0,245,0,0,0,0,0,0,0,0,0,0,0,0,0,0,0,0,69,61,80,0,0,0,0,0,
0,0,0,0,0,0,0,0,0,80,80,48,0,0,0,0,0,0,0,0,0,0,0,0,0,0,0,0,0,0,0,0,0,0,0,0,0,0,0,0,0,0,0,0,0,0,0,127,0,0,0,0,0,54,80,0,0,0,0,0,
0,0,0,0,0,0,0,0,0,0,80,225,0,0,0,0,0,0,70,51,51,55,55,67,0,0,0,0,0,0,0,0,0,0,0,0,0,0,0,0,0,0,0,0,0,0,0,0,0,0,0,0,66,58,80,0,0,0,0,0,
0,0,0,0,0,0,0,0,0,0,80,224,0,0,0,0,0,0,50,80,80,80,80,63,51,55,51,67,0,0,0,0,0,0,0,0,0,0,0,0,0,0,0,0,0,0,0,0,0,0,0,66,62,80,0,0,0,0,0,0,
0,0,0,0,0,0,0,0,0,0,80,48,0,0,0,0,0,0,65,53,61,80,80,80,80,80,80,48,0,106,107,0,0,0,0,0,0,0,0,0,0,70,51,51,71,0,0,0,0,0,66,62,80,80,0,0,0,0,0,0,
0,0,0,0,0,0,0,0,0,0,80,59,71,0,0,0,0,0,0,0,54,80,80,56,49,53,49,64,0,0,0,0,0,0,0,0,0,0,66,55,67,54,80,80,48,0,0,0,0,0,54,80,80,0,0,0,0,0,0,0,
0,0,0,0,0,0,0,80,0,0,80,80,48,0,0,0,0,0,0,0,50,80,80,59,71,123,0,120,0,0,0,0,0,0,106,107,0,0,54,80,63,67,61,80,52,0,0,0,0,0,50,80,80,0,0,0,0,0,0,0,
0,0,0,0,0,0,80,80,80,80,80,60,64,0,0,0,0,0,244,66,58,80,80,80,48,244,0,0,0,0,0,0,0,0,0,0,0,0,54,80,80,59,62,80,48,0,0,0,0,0,50,80,80,0,0,0,0,0,0,0,
0,0,0,0,0,0,80,60,49,53,49,68,118,0,244,0,0,70,51,62,80,60,53,49,68,0,0,0,0,0,0,0,0,0,0,0,0,0,54,80,80,80,80,80,48,0,0,0,0,0,69,61,80,80,0,0,0,0,0,0,
0,0,0,0,0,0,80,63,67,0,0,0,0,0,0,0,0,50,80,80,80,48,0,0,0,0,0,0,0,0,0,0,0,125,0,0,0,0,54,80,80,80,80,80,52,0,0,126,0,0,0,69,57,80,0,0,0,0,0,0,
0,0,0,0,0,0,80,80,48,0,0,0,0,0,0,0,0,69,53,49,53,64,0,0,0,0,0,0,0,0,0,0,0,0,0,0,0,0,50,80,80,80,80,60,64,0,124,0,0,0,0,0,50,80,0,0,0,0,0,0,
0,0,0,0,0,0,0,80,63,67,0,0,247,0,0,0,0,0,0,0,0,0,0,0,124,117,0,0,0,0,0,215,0,0,0,0,0,0,54,80,80,80,80,63,67,0,0,0,0,0,0,66,62,80,0,0,0,0,0,0,
0,0,0,0,0,0,0,0,80,63,71,0,0,0,0,0,0,0,105,0,0,0,0,0,0,0,0,0,0,212,213,214,0,0,0,0,0,0,50,80,80,60,57,80,52,0,0,0,0,0,0,54,80,80,0,0,0,0,0,0,
0,0,0,0,0,0,0,0,0,80,63,67,0,0,0,0,0,0,104,0,0,0,0,0,0,0,0,0,0,0,0,0,0,0,0,247,0,0,50,80,80,52,69,53,64,0,0,0,0,0,0,50,80,0,0,0,0,0,0,0,
0,0,0,0,0,0,0,0,0,80,80,63,55,71,0,0,0,0,0,0,0,0,0,0,0,0,0,116,0,0,0,0,0,0,0,0,0,0,69,53,53,68,0,0,0,0,0,0,0,0,0,50,80,0,0,0,0,0,0,0,
0,0,0,0,0,0,0,0,0,80,80,80,80,52,0,0,0,0,0,0,0,0,0,0,0,211,0,0,0,0,0,0,0,0,0,0,0,0,0,0,0,0,0,0,0,0,0,0,0,0,0,65,61,0,0,0,0,0,0,0,
0,0,0,0,0,0,0,0,0,80,80,80,56,64,0,0,0,0,0,105,0,0,0,0,0,210,0,0,116,0,0,0,0,0,0,0,0,0,0,0,0,0,0,0,0,0,0,0,0,0,0,0,54,80,80,0,0,0,0,0,
0,0,0,0,0,0,0,80,80,80,60,53,68,0,0,0,0,0,0,104,0,0,0,0,208,209,0,0,0,0,0,0,0,0,0,0,0,0,0,0,0,0,101,0,0,0,0,66,55,55,55,55,62,80,80,0,0,0,0,0,
0,0,0,0,0,0,80,80,60,53,64,0,0,0,0,0,0,0,0,0,0,0,0,0,0,0,0,0,0,0,0,0,0,0,0,0,0,123,0,74,75,0,0,0,0,0,70,58,80,80,80,80,80,0,0,0,0,0,0,0,
0,0,0,0,0,0,80,56,64,0,126,0,0,0,0,0,0,0,545,0,0,0,0,0,0,0,0,0,0,0,0,0,0,0,0,0,0,126,0,0,0,0,0,0,0,0,54,80,80,0,0,0,0,0,0,0,0,0,0,0,
0,0,0,0,0,0,80,52,0,0,0,0,0,0,0,0,0,544,0,0,0,0,0,0,119,0,0,0,0,0,0,0,0,0,0,0,0,0,0,0,0,0,0,100,0,0,65,61,80,0,0,0,0,0,0,0,0,0,0,0,
0,0,0,0,0,0,80,48,0,0,0,0,0,244,0,0,0,0,0,0,0,0,105,0,0,0,0,0,0,0,0,0,0,0,0,0,0,0,0,0,0,0,0,0,0,0,0,69,57,0,0,0,0,0,0,0,0,0,0,0,
0,0,0,0,0,0,80,63,67,0,0,0,0,0,0,0,0,0,0,0,0,0,104,0,0,0,0,0,74,75,0,0,0,0,0,0,0,0,0,538,0,0,0,0,0,0,0,0,50,80,0,0,0,0,0,0,0,0,0,0,
0,0,0,0,0,0,0,80,52,0,124,0,0,0,0,0,0,124,0,0,0,0,0,0,0,0,0,0,0,0,0,0,0,0,139,0,0,0,0,0,0,0,0,0,540,0,0,0,54,80,0,0,0,0,0,0,0,0,0,0,
0,0,0,0,0,0,0,80,63,67,0,0,0,0,0,0,0,0,0,0,0,0,0,0,0,0,0,0,0,0,0,0,0,0,0,0,0,73,0,0,0,0,0,0,0,0,0,0,65,57,0,0,0,0,0,0,0,0,0,0,
0,0,0,0,0,0,0,0,80,59,67,0,244,0,121,0,0,0,0,0,0,0,0,0,0,0,0,0,0,0,0,0,0,0,0,0,0,72,0,0,102,0,0,0,0,0,0,0,0,50,80,80,0,0,0,0,0,0,0,0,
0,0,0,0,0,0,0,0,80,80,59,71,0,0,0,0,0,0,0,0,0,0,0,0,70,51,51,51,55,51,71,0,0,0,0,0,0,0,0,0,0,0,0,0,0,0,0,245,0,69,57,80,0,0,0,0,0,0,0,0,
0,0,0,0,0,0,0,0,0,80,80,48,0,0,0,0,0,0,0,0,0,0,0,70,62,80,80,80,80,80,63,51,67,0,0,532,0,0,0,0,0,0,0,0,0,0,0,0,0,0,54,80,0,0,0,0,0,0,0,0,
0,0,0,0,0,0,0,0,0,0,80,63,71,0,0,0,0,0,0,0,0,0,0,54,80,80,60,49,57,80,80,80,59,71,0,0,0,0,0,0,0,0,0,0,0,73,0,0,0,0,69,61,80,0,0,0,0,0,0,0,
0,0,0,0,0,0,0,0,0,0,80,80,48,0,0,0,0,0,0,0,0,0,0,54,80,56,64,0,65,49,57,80,80,52,0,0,0,0,0,0,0,0,0,0,0,72,0,0,0,0,0,54,80,0,0,0,0,0,0,0,
0,0,0,0,0,0,0,0,0,0,0,80,48,0,0,0,0,0,0,0,0,0,66,62,80,48,0,0,0,0,54,80,80,48,0,0,0,0,0,0,0,0,114,0,0,0,0,0,0,0,0,54,80,0,0,0,0,0,0,0,
0,0,0,0,0,0,0,0,0,0,0,80,52,0,0,0,0,0,0,0,0,0,54,80,80,52,51,55,55,55,58,80,56,68,0,0,0,0,0,0,0,0,0,0,0,0,0,0,0,0,0,69,61,0,0,0,0,0,0,0,
0,0,0,0,0,0,0,0,0,0,0,80,59,67,0,0,0,0,0,0,0,0,50,80,80,63,80,80,80,80,80,80,52,106,107,0,0,0,0,74,75,0,0,0,0,0,0,0,0,0,0,0,54,80,0,0,0,0,0,0,
0,0,0,0,0,0,0,0,0,0,0,80,80,48,0,0,0,0,0,0,0,0,69,57,80,80,56,57,80,80,80,56,64,0,0,0,0,0,0,0,0,0,0,0,0,125,0,0,0,0,0,0,50,80,0,0,0,0,0,0,
0,0,0,0,0,0,0,0,0,0,0,80,80,52,0,0,0,0,0,0,0,0,0,69,49,53,64,65,53,49,49,68,0,0,0,0,0,106,107,0,0,0,0,0,0,0,0,0,0,0,0,0,50,80,0,0,0,0,0,0,
0,0,0,0,0,0,0,0,0,0,0,80,60,64,0,0,0,0,0,0,0,0,0,0,0,0,0,0,0,0,0,0,0,0,0,0,0,0,0,0,0,106,107,0,0,0,0,0,0,0,0,66,62,80,0,0,0,0,0,0,
0,0,0,0,0,0,0,0,0,0,0,80,48,0,0,0,0,0,0,0,0,0,0,0,0,0,0,0,0,247,0,0,0,0,0,0,0,0,0,0,0,0,0,0,0,70,51,55,55,51,51,62,80,0,0,0,0,0,0,0,
0,0,0,0,0,0,0,0,0,0,0,80,48,0,0,0,0,0,0,0,0,0,0,0,0,0,0,0,0,0,0,126,0,0,0,0,127,0,246,0,0,0,0,0,0,54,80,0,0,0,80,80,80,0,0,0,0,0,0,0,
0,0,0,0,0,0,0,0,0,0,0,80,52,0,0,118,0,0,0,0,0,0,127,0,0,0,0,0,0,120,0,0,0,0,0,0,0,0,0,0,0,0,0,0,0,50,80,0,0,0,0,0,0,0,0,0,0,0,0,0,
0,0,0,0,0,0,0,0,0,0,0,80,59,71,0,0,0,0,0,0,0,0,0,0,0,0,0,0,0,0,245,0,0,0,0,0,0,0,0,0,0,0,0,0,0,50,80,0,0,0,0,0,0,0,0,0,0,0,0,0,
0,0,0,0,0,0,0,0,0,0,0,80,80,52,0,0,0,0,0,0,0,0,0,0,244,0,0,0,0,0,0,0,0,0,0,0,0,0,0,0,0,0,0,0,0,50,80,80,0,0,0,0,0,0,0,0,0,0,0,0,
0,0,0,0,0,0,0,0,0,0,0,0,80,63,67,0,0,114,0,0,0,0,0,0,0,0,0,0,0,0,0,0,0,0,0,0,0,0,0,0,0,246,0,0,0,69,61,80,0,0,0,0,0,0,0,0,0,0,0,0,
0,0,0,0,0,0,0,0,0,0,0,0,80,80,52,0,0,0,0,0,0,0,0,0,0,0,0,0,0,0,0,0,0,0,0,0,0,0,0,0,0,0,0,0,0,70,62,80,0,0,0,0,0,0,0,0,0,0,0,0,
0,0,0,0,0,0,0,0,0,0,0,0,0,80,48,0,0,0,0,0,0,0,0,0,0,0,0,0,0,0,0,0,0,0,0,0,0,0,70,55,51,55,51,51,51,58,80,80,0,0,0,0,0,0,0,0,0,0,0,0,
0,0,0,0,0,0,0,0,0,0,0,0,0,80,59,67,0,0,0,0,0,0,0,0,0,0,0,70,51,55,51,55,51,55,51,55,55,51,62,80,80,80,80,80,0,0,0,0,0,0,0,0,0,0,0,0,0,0,0,0,
0,0,0,0,0,0,0,0,0,0,0,0,0,80,80,48,0,0,0,0,0,0,0,66,51,51,55,62,80,80,80,80,80,0,0,0,0,0,0,0,0,0,0,0,0,0,0,0,0,0,0,0,0,0,0,0,0,0,0,0,
0,0,0,0,0,0,0,0,0,0,0,0,0,0,80,48,0,0,0,0,0,0,0,54,0,0,0,0,0,0,0,0,0,0,0,0,0,0,0,0,0,0,0,0,0,0,0,0,0,0,0,0,0,0,0,0,0,0,0,0,
0,0,0,0,0,0,0,0,0,0,0,0,0,0,80,52,0,0,0,0,0,0,66,58,0,0,0,0,0,0,0,0,0,0,0,0,0,0,0,0,0,0,0,0,0,0,0,0,0,0,0,0,0,0,0,0,0,0,0,0,
0,0,0,0,0,0,0,0,0,0,0,0,0,0,80,52,0,0,0,0,0,0,50,80,0,0,0,0,0,0,0,0,0,0,0,0,0,0,0,0,0,0,0,0,0,0,0,0,0,0,0,0,0,0,0,0,0,0,0,0

[layer]
type=snowtop
data=
0,0,0,0,0,0,0,0,0,0,0,0,0,0,0,0,0,0,0,0,0,0,0,0,0,0,0,0,0,0,0,0,0,0,0,0,0,0,0,0,0,0,0,0,17,0,0,0,0,0,0,0,0,0,0,0,0,0,0,0,
0,0,0,0,0,0,0,0,0,0,0,0,0,0,0,0,0,0,0,0,0,0,0,0,0,0,0,0,0,0,0,0,0,0,0,0,0,0,0,0,0,0,0,0,17,17,0,0,0,0,0,0,0,0,0,0,0,0,0,0,
0,0,0,0,0,0,0,0,0,0,0,0,0,0,0,0,0,0,0,0,0,0,0,0,0,0,0,0,0,0,0,0,0,0,0,0,0,0,0,0,0,0,0,0,17,17,17,0,0,0,0,0,0,0,0,0,0,0,0,0,
0,0,0,0,0,0,0,0,0,0,0,0,0,0,0,0,0,0,0,0,0,0,0,0,0,0,0,0,0,0,0,0,0,0,0,0,0,0,0,0,0,0,0,0,0,17,17,0,0,0,0,0,0,0,0,0,0,0,0,0,
0,0,0,0,0,0,0,0,0,0,0,0,0,0,0,0,0,0,0,0,0,0,0,0,0,0,0,0,0,0,0,0,0,0,0,0,0,0,0,0,0,0,0,0,0,0,0,0,0,0,0,0,0,0,0,0,0,0,0,0,
0,0,0,0,0,0,0,0,0,0,0,0,0,0,0,0,0,0,0,0,0,0,0,0,0,0,0,0,0,0,0,0,0,0,0,0,0,0,0,0,0,0,0,0,0,0,0,0,0,0,0,0,0,0,0,0,0,0,0,0,
0,0,0,0,0,0,0,0,0,0,0,0,0,0,0,0,0,0,0,0,0,0,0,0,0,0,0,0,0,0,0,0,0,0,0,0,0,0,0,0,0,0,0,0,0,0,0,0,0,0,0,0,0,0,0,0,0,0,0,0,
0,0,0,0,0,0,0,0,0,0,0,0,0,0,0,0,0,0,0,0,0,0,0,0,0,0,0,0,0,0,0,0,0,0,0,0,0,0,0,0,0,0,0,0,0,0,0,0,0,0,0,0,0,0,0,0,0,0,0,0,
0,0,0,0,0,0,0,0,0,0,0,0,0,0,0,0,0,0,0,0,0,0,0,0,0,0,0,0,0,0,0,0,0,0,0,0,0,0,0,0,0,0,0,0,0,0,0,0,0,0,0,0,0,0,0,0,0,0,0,0,
0,0,0,0,0,0,0,0,0,0,0,0,0,0,0,0,0,0,0,0,0,0,0,0,0,0,0,0,0,0,0,0,0,0,0,0,0,0,0,0,0,0,0,0,0,0,0,0,0,0,0,0,0,0,0,0,0,0,0,0,
0,0,0,0,0,0,0,0,0,0,0,0,0,0,0,0,0,0,0,0,0,0,0,0,0,0,0,0,0,0,0,0,0,0,0,0,0,0,0,0,0,0,0,0,0,0,0,0,0,0,0,0,17,17,0,0,0,0,0,0,
0,0,0,0,0,0,0,0,0,0,0,0,0,0,0,0,0,0,0,0,0,0,0,0,0,0,0,0,0,0,0,0,0,0,0,0,0,0,0,0,0,0,0,0,0,0,0,0,0,0,0,0,17,17,0,0,0,0,0,0,
0,0,0,0,0,0,0,0,0,0,0,0,0,0,0,0,0,16,16,16,16,0,0,0,0,0,0,0,0,0,0,0,0,0,0,0,0,0,0,0,0,0,0,0,0,0,0,0,0,0,0,17,17,17,0,0,0,0,0,0,
0,0,0,0,0,0,0,0,0,0,0,0,0,0,0,0,0,0,0,16,16,16,16,16,16,0,0,0,0,0,0,0,0,0,0,0,0,0,0,0,0,0,0,0,0,0,0,0,0,0,17,17,17,17,0,0,0,0,0,0,
0,0,0,0,0,0,0,0,0,0,0,0,0,0,0,0,0,0,0,16,16,0,0,0,0,0,0,0,0,0,0,0,0,0,0,0,0,0,0,0,16,16,0,0,0,0,0,0,0,17,17,17,17,17,0,0,0,0,0,0,
0,0,0,0,0,0,0,0,0,0,0,0,0,0,0,0,0,0,0,16,16,0,0,0,0,0,0,0,0,0,0,0,0,0,0,0,0,16,0,0,0,16,0,0,0,0,0,0,0,17,17,17,17,0,0,0,0,0,0,0,
0,0,0,0,0,0,0,0,0,0,0,0,0,0,0,0,0,0,0,16,16,0,0,0,0,0,0,0,0,0,0,0,0,0,0,0,0,16,16,0,0,16,0,0,0,0,0,0,0,17,17,17,0,0,0,0,0,0,0,0,
0,0,0,0,0,0,0,0,0,0,0,0,0,0,0,0,0,0,16,0,0,0,0,0,0,0,0,0,0,0,0,0,0,0,0,0,0,16,16,0,16,16,0,0,0,0,0,0,0,0,17,17,0,0,0,0,0,0,0,0,
0,0,0,0,0,0,0,0,0,0,0,0,0,0,0,0,16,16,16,0,0,0,0,0,0,0,0,0,0,0,0,0,0,0,0,0,0,16,16,0,0,16,0,0,0,0,0,0,0,0,0,17,17,0,0,0,0,0,0,0,
0,0,0,0,0,0,0,0,0,0,0,0,0,0,0,0,0,0,0,0,0,0,0,0,0,0,0,0,0,0,0,0,0,0,0,0,0,16,16,0,0,0,0,0,0,0,0,0,0,0,0,17,17,0,0,0,0,0,0,0,
0,0,0,0,0,0,0,0,0,0,0,0,0,0,0,0,0,0,0,0,0,0,0,0,0,0,0,0,0,0,0,0,0,0,0,0,0,16,16,0,0,0,0,0,0,0,0,0,0,0,0,17,17,0,0,0,0,0,0,0,
0,0,0,0,0,0,0,0,0,0,0,0,0,0,0,0,0,0,0,0,0,0,0,0,0,0,0,0,0,0,0,0,0,0,0,0,0,16,16,0,0,0,0,0,0,0,0,0,0,0,17,17,17,0,0,0,0,0,0,0,
0,0,0,0,0,0,0,0,0,0,0,0,0,0,0,0,0,0,0,0,0,0,0,0,0,0,0,0,0,0,0,0,0,0,0,0,0,16,16,0,0,0,0,0,0,0,0,0,0,0,17,17,17,0,0,0,0,0,0,0,
0,0,0,0,0,0,0,0,0,0,0,0,0,0,0,0,0,0,0,0,0,0,0,0,0,0,0,0,0,0,0,0,0,0,0,0,0,0,0,0,0,0,0,0,0,0,0,0,0,0,17,17,17,0,0,0,0,0,0,0,
0,0,0,0,0,0,0,0,0,0,0,0,0,0,0,0,0,0,0,0,0,0,0,0,0,0,0,0,0,0,0,0,0,0,0,0,0,0,0,0,0,0,0,0,0,0,0,0,0,0,0,17,17,0,0,0,0,0,0,0,
0,0,0,0,0,0,0,0,0,0,0,0,0,0,0,0,0,0,0,0,0,0,0,0,0,0,0,0,0,0,0,0,0,0,0,0,0,0,0,0,0,0,0,0,0,0,0,0,0,0,0,17,17,0,0,0,0,0,0,0,
0,0,0,0,0,0,0,0,0,0,0,0,0,0,0,0,0,0,0,0,0,0,0,0,0,0,0,0,0,0,0,0,0,0,0,0,0,0,0,0,0,0,0,0,0,0,0,0,0,0,0,17,17,0,0,0,0,0,0,0,
0,0,0,0,0,0,0,0,0,0,0,0,0,0,0,0,0,0,0,0,0,0,0,0,0,0,0,0,0,0,0,0,0,0,0,0,0,0,0,0,0,0,0,0,0,0,17,17,17,17,17,17,17,0,0,0,0,0,0,0,
0,0,0,0,0,0,0,0,0,0,0,0,0,0,0,0,0,0,0,0,0,0,0,0,0,0,0,0,0,0,0,0,0,0,0,0,0,0,0,0,0,0,0,0,0,17,17,17,17,17,17,17,17,0,0,0,0,0,0,0,
0,0,0,0,0,0,0,0,0,0,0,0,0,0,0,0,0,0,0,0,0,0,0,0,0,0,0,0,0,0,0,0,0,0,0,0,0,0,0,0,0,0,0,0,0,0,17,17,17,17,0,0,0,0,0,0,0,0,0,0,
0,0,0,0,0,0,0,0,0,0,0,0,0,0,0,0,0,0,0,0,0,0,0,0,0,0,0,0,0,0,0,0,0,0,0,0,0,0,0,0,0,0,0,0,0,0,0,17,17,17,0,0,0,0,0,0,0,0,0,0,
0,0,0,0,0,0,0,0,0,0,0,0,0,0,0,0,0,0,0,0,0,0,0,0,0,0,0,0,0,0,0,0,0,0,0,0,0,0,0,0,0,0,0,0,0,0,0,17,17,17,0,0,0,0,0,0,0,0,0,0,
0,0,0,0,0,0,0,0,0,0,0,0,0,0,0,0,0,0,0,0,0,0,0,0,0,0,0,0,0,0,0,0,0,0,0,0,0,0,0,0,0,0,0,0,0,0,0,17,17,17,17,0,0,0,0,0,0,0,0,0,
0,0,0,0,0,0,0,0,0,0,0,0,0,0,0,0,0,0,0,0,0,0,0,0,0,0,0,0,0,0,0,0,0,0,0,0,0,0,0,0,0,0,0,0,0,0,0,0,17,17,17,0,0,0,0,0,0,0,0,0,
0,0,0,0,0,0,0,0,0,0,0,0,0,0,0,0,0,0,0,0,0,0,0,0,0,0,0,0,0,0,0,0,0,0,0,0,0,0,0,0,0,0,0,0,0,0,0,0,17,17,17,17,0,0,0,0,0,0,0,0,
0,0,0,0,0,0,0,0,0,0,0,0,0,0,0,0,0,0,0,0,0,0,0,0,0,0,0,0,0,0,0,0,0,0,0,0,0,0,0,0,0,0,0,0,0,0,0,0,0,17,17,17,0,0,0,0,0,0,0,0,
0,0,0,0,0,0,0,0,0,0,0,0,0,0,0,0,0,0,0,0,0,0,0,16,16,16,16,16,0,0,0,0,0,0,0,0,0,0,0,0,0,0,0,0,0,0,0,0,0,17,17,17,0,0,0,0,0,0,0,0,
0,0,0,0,0,0,0,0,0,0,0,0,0,0,0,0,0,0,0,0,0,0,16,16,16,16,16,16,16,16,0,0,0,0,0,0,0,0,0,0,0,0,0,0,0,0,0,0,0,0,17,17,17,0,0,0,0,0,0,0,
0,0,0,0,0,0,0,0,0,0,0,0,0,0,0,0,0,0,0,0,0,0,16,16,16,16,16,16,16,0,16,0,0,0,0,0,0,0,0,0,0,0,0,0,0,0,0,0,0,0,17,17,17,0,0,0,0,0,0,0,
0,0,0,0,0,0,0,0,0,0,0,0,0,0,0,0,0,0,0,0,0,0,16,16,16,16,16,16,16,16,0,0,0,0,0,0,0,0,0,0,0,0,0,0,0,0,0,0,0,0,17,17,17,0,0,0,0,0,0,0,
0,0,0,0,0,0,0,0,0,0,0,0,0,0,0,0,0,0,0,0,0,16,16,16,16,16,16,16,16,16,0,0,0,0,0,0,0,0,0,0,0,0,0,0,0,0,0,0,0,0,0,17,17,17,0,0,0,0,0,0,
0,0,0,0,0,0,0,0,0,0,0,0,0,0,0,0,0,0,0,0,0,16,16,16,16,16,16,16,16,16,0,0,0,0,0,0,0,0,0,0,0,0,0,0,0,0,0,0,0,0,0,17,17,17,0,0,0,0,0,0,
0,0,0,0,0,0,0,0,0,0,0,0,0,0,0,0,0,0,0,0,0,0,16,0,0,0,16,16,16,0,0,0,0,0,0,0,0,0,0,0,0,0,0,0,0,0,0,0,0,0,0,17,17,17,0,0,0,0,0,0,
0,0,0,0,0,0,0,0,0,0,0,0,0,0,0,0,0,0,0,0,0,0,0,0,0,0,0,0,0,0,0,0,0,0,0,0,0,0,0,0,0,0,0,0,0,0,0,0,0,0,0,17,17,17,0,0,0,0,0,0,
0,0,0,0,0,0,0,0,0,0,0,0,0,0,0,0,0,0,0,0,0,0,0,0,0,0,0,0,0,0,0,0,0,0,0,0,0,0,0,0,0,0,0,0,0,0,0,0,0,0,0,17,17,17,0,0,0,0,0,0,
0,0,0,0,0,0,0,0,0,0,0,0,0,0,0,0,0,0,0,0,0,0,0,0,0,0,0,0,0,0,0,0,0,0,0,0,0,0,0,0,0,0,0,0,0,0,0,0,0,0,17,17,17,0,0,0,0,0,0,0,
0,0,0,0,0,0,0,0,0,0,0,0,0,0,0,0,0,0,0,0,0,0,0,0,0,0,0,0,0,0,0,0,0,0,0,0,0,0,0,0,0,0,0,0,17,17,17,17,17,17,17,17,17,0,0,0,0,0,0,0,
0,0,0,0,0,0,0,0,0,0,0,0,0,0,0,0,0,0,0,0,0,0,0,0,0,0,0,0,0,0,0,0,0,0,0,0,0,0,0,0,0,0,0,0,17,17,17,17,17,17,17,17,17,0,0,0,0,0,0,0,
0,0,0,0,0,0,0,0,0,0,0,0,0,0,0,0,0,0,0,0,0,0,0,0,0,0,0,0,0,0,0,0,0,0,0,0,0,0,0,0,0,0,0,0,17,17,17,17,17,17,17,17,0,0,0,0,0,0,0,0,
0,0,0,0,0,0,0,0,0,0,0,0,0,0,0,0,0,0,0,0,0,0,0,0,0,0,0,0,0,0,0,0,0,0,0,0,0,0,0,0,0,0,0,0,17,17,17,17,0,0,0,0,0,0,0,0,0,0,0,0,
0,0,0,0,0,0,0,0,0,0,0,0,0,0,0,0,0,0,0,0,0,0,0,0,0,0,0,0,0,0,0,0,0,0,0,0,0,0,0,0,0,0,0,0,0,17,17,17,0,0,0,0,0,0,0,0,0,0,0,0,
0,0,0,0,0,0,0,0,0,0,0,0,0,0,0,0,0,0,0,0,0,0,0,0,0,0,0,0,0,0,0,0,0,0,0,0,0,0,0,0,0,0,0,0,0,17,17,17,0,0,0,0,0,0,0,0,0,0,0,0,
0,0,0,0,0,0,0,0,0,0,0,0,0,0,0,0,0,0,0,0,0,0,0,0,0,0,0,0,0,0,0,0,0,0,0,0,0,0,0,0,0,0,0,0,17,17,17,0,0,0,0,0,0,0,0,0,0,0,0,0,
0,0,0,0,0,0,0,0,0,0,0,0,0,0,0,0,0,0,0,0,0,0,0,0,0,0,0,0,0,0,0,0,0,0,0,0,0,17,17,17,17,17,17,17,17,17,17,0,0,0,0,0,0,0,0,0,0,0,0,0,
0,0,0,0,0,0,0,0,0,0,0,0,0,0,0,0,0,0,0,0,0,0,0,0,0,0,17,17,17,17,17,17,17,17,17,17,17,17,17,17,17,17,17,17,17,17,17,0,0,0,0,0,0,0,0,0,0,0,0,0,
0,0,0,0,0,0,0,0,0,0,0,0,0,0,0,0,0,0,0,0,0,0,17,17,17,17,17,17,17,17,17,17,17,17,17,17,17,17,17,17,17,17,17,17,17,17,0,0,0,0,0,0,0,0,0,0,0,0,0,0,
0,0,0,0,0,0,0,0,0,0,0,0,0,0,0,0,0,0,0,0,0,0,17,17,17,17,17,17,0,0,0,0,0,0,0,0,0,0,0,0,0,0,0,0,0,0,0,0,0,0,0,0,0,0,0,0,0,0,0,0,
0,0,0,0,0,0,0,0,0,0,0,0,0,0,0,0,0,0,0,0,0,17,17,17,0,0,0,0,0,0,0,0,0,0,0,0,0,0,0,0,0,0,0,0,0,0,0,0,0,0,0,0,0,0,0,0,0,0,0,0,
0,0,0,0,0,0,0,0,0,0,0,0,0,0,0,0,0,0,0,0,0,0,17,17,0,0,0,0,0,0,0,0,0,0,0,0,0,0,0,0,0,0,0,0,0,0,0,0,0,0,0,0,0,0,0,0,0,0,0,0,
0,0,0,0,0,0,0,0,0,0,0,0,0,0,0,0,0,0,0,0,0,0,0,0,0,0,0,0,0,0,0,0,0,0,0,0,0,0,0,0,0,0,0,0,0,0,0,0,0,0,0,0,0,0,0,0,0,0,0,0

[layer]
type=collision
data=
3,3,3,3,3,3,3,3,3,3,3,3,3,3,3,3,3,3,3,3,3,3,3,3,3,3,3,3,3,3,3,3,3,3,3,3,3,3,3,1,0,0,0,1,3,3,3,3,3,3,3,3,3,3,3,3,3,3,3,3,
3,3,3,3,3,3,3,3,3,3,3,3,3,3,3,3,3,3,3,3,3,3,3,3,3,3,3,3,3,3,3,3,3,3,3,3,3,3,3,1,0,0,0,1,1,3,3,3,3,3,3,3,3,3,3,3,3,3,3,3,
3,3,3,3,3,3,3,3,3,3,3,3,3,3,3,3,3,3,3,3,3,3,3,3,1,1,1,3,3,3,3,3,3,3,3,3,3,3,3,1,0,0,0,0,1,3,3,3,3,3,3,3,3,3,3,3,3,3,3,3,
3,3,3,3,3,3,3,3,3,1,1,3,3,3,3,3,3,3,3,3,3,3,3,1,1,0,1,1,1,3,3,3,3,3,3,3,3,3,3,1,0,0,0,0,1,1,3,3,3,3,3,3,3,3,3,3,3,3,3,3,
3,3,3,3,3,3,3,3,1,1,1,1,1,3,3,3,3,3,3,3,3,3,3,1,0,0,0,0,1,1,1,3,3,3,3,3,3,3,3,1,0,0,0,0,0,1,3,3,3,3,3,3,3,3,3,3,3,3,3,3,
3,3,3,3,3,3,3,1,1,1,0,0,1,1,3,3,3,3,3,3,3,3,3,1,0,0,0,0,0,0,1,3,3,3,3,3,3,3,3,1,0,0,0,0,0,1,1,3,3,3,3,3,3,3,3,3,3,3,3,3,
3,3,3,3,3,3,3,1,1,0,0,0,0,1,1,3,3,3,3,3,3,3,3,1,0,0,0,0,0,0,1,1,1,1,1,3,3,1,1,1,0,0,0,0,0,0,1,1,3,3,3,3,3,3,3,3,3,3,3,3,
3,3,3,3,3,3,3,1,1,0,0,0,0,0,1,1,3,3,3,3,3,3,3,1,0,0,0,0,0,0,0,0,0,0,1,1,1,1,0,0,0,0,0,0,0,0,0,1,1,1,3,3,3,3,3,3,3,3,3,3,
3,3,3,3,3,3,3,3,1,0,4,0,0,0,0,1,1,1,1,1,1,1,1,1,0,0,0,0,0,0,0,0,0,0,0,0,0,0,0,0,0,0,0,0,0,0,0,0,0,1,1,3,3,3,3,3,3,3,3,3,
3,3,3,3,3,3,3,3,1,1,0,0,0,0,0,4,0,0,0,0,0,0,0,0,0,0,0,0,0,0,0,0,0,0,0,0,0,0,0,0,4,0,0,0,0,0,0,0,0,0,1,1,3,3,3,3,3,3,3,3,
3,3,3,3,3,3,3,3,3,1,1,0,0,0,0,0,0,0,0,0,0,0,0,0,0,0,0,0,0,0,0,0,0,0,0,0,0,0,0,0,0,0,0,0,0,0,0,0,0,0,0,1,1,3,3,3,3,3,3,3,
3,3,3,3,3,3,3,3,3,3,1,1,0,0,0,0,0,0,0,0,0,0,0,0,0,0,0,0,0,0,0,0,0,0,0,4,0,0,0,0,0,0,0,0,0,0,0,0,0,0,0,1,1,3,3,3,3,3,3,3,
3,3,3,3,3,3,3,3,3,3,3,1,0,0,0,0,0,1,1,1,1,1,0,0,0,0,0,0,0,0,0,0,0,0,0,0,0,0,0,0,0,0,0,0,0,0,0,0,0,0,1,1,3,3,3,3,3,3,3,3,
3,3,3,3,3,3,3,3,3,3,1,0,0,0,0,0,0,1,1,1,3,1,1,1,1,1,0,0,0,0,0,0,0,0,0,0,0,0,0,0,0,0,0,0,0,0,0,0,0,0,1,3,3,3,3,3,3,3,3,3,
3,3,3,3,3,3,3,3,3,3,3,0,0,0,0,0,0,0,1,1,3,3,3,3,3,1,1,1,0,0,0,0,0,0,0,0,0,0,0,0,1,1,1,0,0,0,0,0,0,1,1,3,3,3,3,3,3,3,3,3,
3,3,3,3,3,3,3,3,3,3,3,1,0,0,0,0,0,0,0,1,3,3,3,3,3,3,1,1,0,4,4,0,0,0,0,0,0,1,1,0,1,1,1,1,1,0,0,0,0,1,3,3,3,3,3,3,3,3,3,3,
3,3,3,3,3,3,3,3,3,3,3,1,1,0,0,0,0,0,1,1,3,3,3,1,1,1,1,1,0,0,0,0,0,0,0,0,0,1,1,1,1,1,3,3,1,0,0,0,0,1,3,3,3,3,3,3,3,3,3,3,
3,3,3,3,3,3,3,3,3,3,3,3,1,0,0,0,0,4,1,1,3,3,3,1,1,0,0,0,0,0,0,0,0,0,4,4,0,1,3,3,3,3,3,3,1,0,0,0,0,1,1,3,3,3,3,3,3,3,3,3,
3,3,3,3,3,3,3,3,3,3,3,1,1,0,0,0,1,1,1,3,3,3,3,3,1,0,0,0,0,0,0,0,0,0,0,0,0,1,3,3,3,3,3,3,1,0,0,0,0,0,1,3,3,3,3,3,3,3,3,3,
3,3,3,3,3,3,3,1,1,1,1,1,0,0,4,0,1,1,3,3,3,1,1,1,1,0,0,0,0,0,0,0,0,0,0,0,0,1,3,3,3,3,3,3,1,0,0,0,0,0,1,1,3,3,3,3,3,3,3,3,
3,3,3,3,3,3,3,1,1,0,0,0,0,0,0,0,0,1,3,3,3,1,0,0,0,0,0,0,0,0,0,0,0,0,0,0,0,1,3,3,3,3,3,3,1,0,0,0,0,0,0,1,3,3,3,3,3,3,3,3,
3,3,3,3,3,3,3,3,1,0,0,0,0,0,0,0,0,1,1,1,1,1,0,0,0,0,0,0,0,0,0,0,0,0,0,0,0,1,3,3,3,3,3,1,1,0,0,0,0,0,1,1,3,3,3,3,3,3,3,3,
3,3,3,3,3,3,3,3,1,1,0,0,4,0,0,0,0,0,0,0,0,0,0,0,0,0,0,0,0,2,2,2,0,0,0,0,0,1,3,3,3,3,3,1,1,0,0,0,0,0,1,3,3,3,3,3,3,3,3,3,
3,3,3,3,3,3,3,3,3,1,1,1,0,0,0,0,0,0,4,0,0,0,0,0,0,0,0,0,0,2,2,2,0,0,0,0,0,1,1,3,3,1,1,1,1,0,0,0,0,0,1,1,3,3,3,3,3,3,3,3,
3,3,3,3,3,3,3,3,3,3,1,1,1,0,0,0,0,0,4,0,0,0,0,0,0,0,0,0,0,0,0,0,0,0,0,4,0,0,1,3,3,1,1,1,1,0,0,0,0,0,1,1,3,3,3,3,3,3,3,3,
3,3,3,3,3,3,3,3,3,3,3,1,1,1,0,0,0,0,0,0,0,0,0,0,0,0,0,0,0,0,0,0,0,0,0,0,0,0,1,1,1,1,0,0,0,0,0,0,0,0,0,1,3,3,3,3,3,3,3,3,
3,3,3,3,3,3,3,3,3,3,3,3,1,1,0,0,0,0,0,0,0,0,0,0,2,2,0,0,0,0,0,0,0,0,0,0,0,0,0,0,0,0,0,0,0,0,0,0,0,0,0,1,3,3,3,3,3,3,3,3,
3,3,3,3,3,3,3,3,3,3,1,1,1,1,0,0,0,0,0,4,0,0,0,0,2,2,0,0,0,0,0,0,0,0,0,0,0,0,0,0,0,0,0,0,0,0,1,1,1,1,1,1,3,3,3,3,3,3,3,3,
3,3,3,3,3,3,3,3,3,3,1,1,1,0,0,0,0,0,0,4,0,0,0,0,2,2,0,0,0,0,0,0,0,0,0,0,0,0,2,2,2,0,4,0,0,1,1,3,3,3,3,3,3,3,3,3,3,3,3,3,
3,3,3,3,3,3,3,1,1,1,1,0,0,0,0,0,0,0,0,0,0,0,0,0,0,0,0,0,0,0,0,0,0,0,0,0,0,0,2,2,2,0,0,0,0,1,1,3,3,3,3,3,3,3,3,3,3,3,3,3,
3,3,3,3,3,3,1,1,1,0,0,0,0,0,0,0,0,4,4,0,0,0,0,0,0,0,0,0,0,0,0,0,0,0,0,0,0,0,0,0,0,0,0,0,0,0,1,1,3,3,3,3,3,3,3,3,3,3,3,3,
3,3,3,3,3,3,1,1,0,0,0,0,0,0,0,0,0,4,4,0,0,0,0,0,0,0,0,0,0,0,0,0,0,0,0,0,0,0,0,0,0,0,0,4,0,0,0,1,3,3,3,3,3,3,3,3,3,3,3,3,
3,3,3,3,3,3,3,1,0,0,0,0,0,4,0,0,0,0,0,0,0,0,4,0,0,0,0,2,2,2,0,0,0,0,0,0,0,0,0,0,0,0,0,0,0,0,0,1,3,3,3,3,3,3,3,3,3,3,3,3,
3,3,3,3,3,3,3,1,1,0,0,0,0,0,0,0,0,0,0,0,0,0,4,0,0,0,0,2,2,2,0,0,0,0,0,0,0,0,0,4,0,0,0,0,0,0,0,1,1,3,3,3,3,3,3,3,3,3,3,3,
3,3,3,3,3,3,3,1,1,0,0,0,0,0,0,0,0,0,0,0,0,0,0,0,0,0,0,0,0,0,0,0,0,0,4,0,2,2,0,0,0,0,0,0,4,0,0,0,1,3,3,3,3,3,3,3,3,3,3,3,
3,3,3,3,3,3,3,3,1,1,0,0,0,0,0,0,0,0,0,0,0,0,0,0,0,0,0,0,0,0,0,0,0,0,0,0,2,2,0,0,0,0,0,0,0,0,0,0,1,1,3,3,3,3,3,3,3,3,3,3,
3,3,3,3,3,3,3,3,3,1,1,0,4,0,0,0,0,0,0,0,0,0,0,1,1,1,1,1,1,0,0,0,0,0,0,0,2,2,0,0,4,0,0,0,0,0,0,0,0,1,3,3,3,3,3,3,3,3,3,3,
3,3,3,3,3,3,3,3,3,3,1,1,0,0,0,0,0,0,0,0,0,0,1,1,3,3,3,3,1,1,1,1,0,0,0,0,0,0,0,0,0,0,0,0,0,0,0,4,0,1,1,3,3,3,3,3,3,3,3,3,
3,3,3,3,3,3,3,3,3,3,3,1,0,0,0,0,0,0,0,0,0,0,1,3,3,3,3,3,3,3,3,1,1,0,0,4,0,0,0,0,0,0,0,0,2,2,0,0,0,0,1,3,3,3,3,3,3,3,3,3,
3,3,3,3,3,3,3,3,3,3,3,1,1,0,0,0,0,0,0,0,0,0,1,3,3,3,3,3,3,3,3,3,1,1,0,0,0,0,0,0,0,0,0,0,2,2,0,0,0,0,1,1,3,3,3,3,3,3,3,3,
3,3,3,3,3,3,3,3,3,3,3,3,1,0,0,0,0,0,0,0,0,1,1,3,3,3,3,3,3,3,3,3,3,1,0,0,0,0,0,0,0,0,0,0,2,2,0,0,0,0,1,1,3,3,3,3,3,3,3,3,
3,3,3,3,3,3,3,3,3,3,3,3,1,0,0,0,0,0,0,0,0,1,3,3,3,3,3,3,3,3,3,3,3,1,0,0,0,0,0,0,0,0,0,0,0,0,0,0,0,0,0,1,3,3,3,3,3,3,3,3,
3,3,3,3,3,3,3,3,3,3,3,1,1,0,0,0,0,0,0,0,0,1,1,3,3,3,3,3,3,3,3,3,1,1,0,0,0,0,2,2,2,0,0,0,0,0,0,0,0,0,0,1,3,3,3,3,3,3,3,3,
3,3,3,3,3,3,3,3,3,3,3,3,1,1,0,0,0,0,0,0,0,0,1,3,3,3,3,3,3,3,3,3,1,4,4,0,0,0,2,2,2,0,0,0,0,0,0,0,0,0,0,1,3,3,3,3,3,3,3,3,
3,3,3,3,3,3,3,3,3,3,3,3,3,1,0,0,0,0,0,0,0,0,1,1,3,3,1,1,3,3,3,1,1,0,0,0,0,0,0,0,0,0,0,0,0,0,0,0,0,0,0,1,3,3,3,3,3,3,3,3,
3,3,3,3,3,3,3,3,3,3,3,3,3,1,0,0,0,0,0,0,0,0,0,1,1,1,1,1,1,1,1,1,0,0,0,0,0,4,4,0,0,0,0,0,0,0,0,0,0,0,1,1,3,3,3,3,3,3,3,3,
3,3,3,3,3,3,3,3,3,3,3,3,1,1,0,0,0,0,0,0,0,0,0,0,0,0,0,0,0,0,0,0,0,0,0,0,0,0,0,0,0,4,4,0,1,1,1,1,1,1,1,3,3,3,3,3,3,3,3,3,
3,3,3,3,3,3,3,3,3,3,3,3,1,0,0,0,0,0,0,0,0,0,0,0,0,0,0,0,0,4,0,0,0,0,0,0,0,0,0,0,0,0,0,0,1,3,3,3,3,3,3,3,3,3,3,3,3,3,3,3,
3,3,3,3,3,3,3,3,3,3,3,3,1,0,0,0,0,0,0,0,0,0,0,0,0,0,0,0,0,0,0,0,0,0,0,0,0,0,4,0,0,0,0,0,1,3,3,3,3,3,3,3,3,3,3,3,3,3,3,3,
3,3,3,3,3,3,3,3,3,3,3,3,1,0,0,0,0,0,0,0,0,0,0,0,0,0,0,0,0,0,0,0,0,0,0,0,0,0,0,0,0,0,0,0,1,1,3,3,3,3,3,3,3,3,3,3,3,3,3,3,
3,3,3,3,3,3,3,3,3,3,3,3,1,1,0,0,0,0,0,0,0,0,0,0,0,0,0,0,0,0,4,0,0,0,0,0,0,0,0,0,0,0,0,0,0,1,3,3,3,3,3,3,3,3,3,3,3,3,3,3,
3,3,3,3,3,3,3,3,3,3,3,3,3,1,0,0,0,0,0,0,0,0,0,0,4,0,0,0,0,0,0,0,0,0,0,0,0,0,0,0,0,0,0,0,0,1,3,3,3,3,3,3,3,3,3,3,3,3,3,3,
3,3,3,3,3,3,3,3,3,3,3,3,3,1,1,0,0,0,0,0,0,0,0,0,0,0,0,0,0,0,0,0,0,0,0,0,0,0,0,0,0,4,0,0,1,1,3,3,3,3,3,3,3,3,3,3,3,3,3,3,
3,3,3,3,3,3,3,3,3,3,3,3,3,3,1,0,0,0,0,0,0,0,0,0,0,0,0,0,0,0,0,0,0,0,0,0,0,1,1,1,1,1,1,1,1,3,3,3,3,3,3,3,3,3,3,3,3,3,3,3,
3,3,3,3,3,3,3,3,3,3,3,3,3,3,1,0,0,0,0,0,0,0,0,0,0,0,1,1,1,1,1,1,1,1,1,1,1,1,3,3,3,3,3,3,3,3,3,3,3,3,3,3,3,3,3,3,3,3,3,3,
3,3,3,3,3,3,3,3,3,3,3,3,3,3,1,1,0,0,0,0,0,0,1,1,1,1,1,3,3,3,3,3,3,3,3,3,3,3,3,3,3,3,3,3,3,3,3,3,3,3,3,3,3,3,3,3,3,3,3,3,
3,3,3,3,3,3,3,3,3,3,3,3,3,3,3,1,0,0,0,0,0,0,1,3,3,3,3,3,3,3,3,3,3,3,3,3,3,3,3,3,3,3,3,3,3,3,3,3,3,3,3,3,3,3,3,3,3,3,3,3,
3,3,3,3,3,3,3,3,3,3,3,3,3,3,3,1,0,0,0,0,0,1,1,3,3,3,3,3,3,3,3,3,3,3,3,3,3,3,3,3,3,3,3,3,3,3,3,3,3,3,3,3,3,3,3,3,3,3,3,3,
3,3,3,3,3,3,3,3,3,3,3,3,3,3,3,1,0,0,0,0,0,1,1,3,3,3,3,3,3,3,3,3,3,3,3,3,3,3,3,3,3,3,3,3,3,3,3,3,3,3,3,3,3,3,3,3,3,3,3,3,
3,3,3,3,3,3,3,3,3,3,3,3,3,3,3,1,0,0,0,0,0,0,1,3,3,3,3,3,3,3,3,3,3,3,3,3,3,3,3,3,3,3,3,3,3,3,3,3,3,3,3,3,3,3,3,3,3,3,3,3

[event]
# to Frost Tundra
type=event
location=40,1,3,1
activate=on_trigger
hotspot=location
intermap=maps/05_frost_tundra.txt,87,76
tooltip=Frost Tundra

[event]
# to Skeleton Cave
type=event
location=17,58,4,1
activate=on_trigger
hotspot=location
intermap=maps/03_skeleton_cave.txt,5,2
tooltip=Skeleton Cave

[event]
# to Thug Stronghold
type=event
location=30,26,4,4
activate=on_trigger
hotspot=location
intermap=maps/04a_thug_stronghold.txt,6,40
tooltip=Thug Stronghold

[event]
# to Dark Cave
type=event
location=11,13,1,2
activate=on_trigger
hotspot=location
intermap=maps/04b_dark_cave.txt,76,57
tooltip=Dark Cave

[enemy]
type=enemy
location=15,43,5,5
category=brute
level=1
number=1

[enemy]
type=enemy
location=25,49,5,5
category=brute
level=1
number=1

[enemy]
type=enemy
location=15,35,5,5
category=archer
level=1
number=1

[enemy]
type=enemy
location=32,48,5,5
category=archer
level=1
number=1

[enemy]
type=enemy
location=15,41,5,1
category=mage
level=1
number=1

[enemy]
type=enemy
location=32,46,5,1
category=mage
level=1
number=1

[enemy]
type=enemy
location=30,35,3,1
category=brute
level=1
number=1

[enemy]
type=enemy
location=38,39,3,1
category=brute
level=1
number=1

[enemy]
type=enemy
location=34,31,2,1
category=mage
level=1
number=1

[enemy]
type=enemy
location=40,32,2,1
category=mage
level=1
number=1

[enemy]
type=enemy
location=27,25,1,4
category=archer
level=1
number=1

[enemy]
type=enemy
location=36,26,1,4
category=archer
level=1
number=1

[enemy]
type=enemy
location=25,8,5,4
category=brute
level=1
number=1

[enemy]
type=enemy
location=33,12,1,4
category=archer
level=1
number=1

[enemy]
type=enemy
location=42,9,3,4
category=brute
level=2
number=1

[enemy]
type=enemy
location=47,19,1,4
category=archer
level=1
number=1

[enemy]
type=enemy
location=13,9,1,4
category=archer
level=1
number=1

[enemy]
type=enemy
location=37,10,2,1
category=mage
level=2
number=1

[enemy]
type=enemy
location=46,12,2,1
category=archer
level=2
number=1

