[header]
width=70
height=70
tilewidth=64
tileheight=32
orientation=isometric
background_color=0,0,0,255
hero_pos=39,66
music=music/dungeon_theme.ogg
tileset=tilesetdefs/tileset_dungeon.txt
title=Thug Stronghold

[tilesets]
tileset=../../../tiled/dungeon/tiled_collision.png,64,32,0,0
tileset=../../../tiled/dungeon/tiled_dungeon.png,64,128,0,0
tileset=../../../tiled/dungeon/set_rules.png,64,32,0,0
tileset=../../../tiled/dungeon/tiled_dungeon_2x2.png,128,64,0,16
tileset=../../../tiled/dungeon/door_left.png,64,128,-16,-8
tileset=../../../tiled/dungeon/door_right.png,64,128,16,-8
tileset=../../../tiled/dungeon/stairs.png,256,256,0,48

[layer]
type=background
data=
43,17,37,46,17,17,43,46,36,43,17,37,46,17,17,17,45,45,43,45,45,45,17,17,17,39,43,38,16,17,39,43,41,18,38,16,36,40,17,44,19,44,37,17,37,45,19,16,44,19,17,42,41,42,44,45,16,38,16,16,44,19,40,38,38,40,16,40,0,0,
46,46,46,46,46,46,46,36,43,17,37,46,17,17,17,45,43,43,45,43,43,43,45,45,17,17,42,17,39,46,38,45,36,44,46,45,41,42,47,47,16,38,36,43,19,36,17,44,44,44,46,37,38,43,17,19,41,18,42,38,40,38,18,44,38,38,17,47,44,0,
16,16,16,16,16,46,36,43,17,37,46,17,17,17,45,43,45,45,46,45,45,45,43,43,45,45,17,17,46,46,46,36,43,17,37,46,17,17,19,16,38,19,17,38,44,45,43,37,42,45,46,42,45,38,45,46,36,43,17,37,46,17,17,17,42,37,36,43,44,0,
47,47,47,47,47,46,36,43,17,37,46,17,17,45,43,45,46,46,39,46,46,46,45,45,43,43,45,45,17,16,46,46,46,46,46,36,43,17,37,46,17,17,38,38,45,46,47,19,18,46,46,46,46,46,46,16,46,46,36,43,17,37,46,17,17,41,17,37,43,0,
39,39,39,46,36,43,17,37,46,17,17,17,45,43,45,46,39,39,41,39,39,39,46,46,45,45,43,43,45,47,16,16,16,16,46,46,46,46,46,46,46,46,36,43,17,37,46,17,17,16,16,16,16,16,16,47,16,46,36,43,17,37,46,17,17,31,38,37,45,0,
42,42,42,46,36,43,17,37,46,17,17,45,43,45,46,39,41,41,18,41,41,41,39,39,46,46,45,45,43,39,47,47,46,46,16,16,16,16,16,16,16,16,46,46,46,36,43,17,37,47,47,47,47,47,47,39,46,36,43,17,37,46,17,17,45,20,39,38,44,0,
46,46,46,46,36,43,17,37,46,17,17,43,45,46,39,41,37,18,38,16,38,18,41,41,39,39,46,46,45,42,39,39,16,16,47,47,47,47,47,47,47,47,16,16,16,46,46,36,43,39,39,39,39,39,39,42,16,43,47,39,19,39,41,45,43,20,47,40,17,0,
45,45,45,46,36,43,17,37,46,17,17,45,46,39,41,42,42,45,37,18,38,16,38,18,41,41,39,39,46,46,42,42,47,47,39,39,39,39,39,39,39,39,47,47,47,16,16,46,46,42,42,42,42,42,42,46,47,18,47,36,43,40,17,43,45,20,47,19,47,0,
19,16,46,36,43,17,37,46,17,17,45,46,39,41,46,46,46,42,46,45,37,18,38,16,38,18,41,41,39,45,46,46,39,39,42,42,42,42,42,42,42,42,39,39,39,47,47,16,46,46,46,46,46,46,46,45,39,44,42,40,39,47,41,45,46,17,44,47,44,0,
37,46,17,17,43,17,37,46,17,17,43,39,41,45,45,45,45,46,45,46,46,45,37,18,38,16,38,18,41,45,45,45,42,42,46,46,46,46,46,46,46,46,42,42,42,39,39,47,46,45,45,45,45,45,37,37,37,37,18,38,19,46,36,46,39,45,37,16,39,0,
19,39,41,45,43,17,37,46,17,17,45,41,36,45,37,18,38,45,37,45,45,45,37,18,38,16,38,18,41,16,38,18,46,46,45,45,45,45,45,45,45,45,46,46,46,42,42,39,46,36,43,17,47,45,37,47,47,47,16,46,46,17,42,39,41,43,40,17,47,0,
43,40,17,43,43,17,37,46,17,17,46,16,46,46,45,37,18,38,16,38,18,41,39,39,41,37,18,38,16,38,18,18,18,41,45,45,45,42,16,38,18,41,45,45,45,46,46,42,46,36,43,17,39,47,47,39,39,39,47,46,16,38,18,41,39,45,47,38,18,0,
39,47,41,45,43,17,37,46,17,17,39,47,16,16,46,45,37,18,38,16,38,18,41,41,45,37,18,38,16,38,18,18,18,18,18,41,45,45,45,42,41,41,41,39,39,45,45,46,36,43,17,37,42,39,39,39,47,46,46,18,16,38,18,41,41,46,43,18,16,0,
19,46,36,46,43,17,37,46,17,17,41,39,47,47,16,46,36,43,17,37,46,46,46,45,37,45,37,18,38,16,38,38,38,18,18,18,41,45,45,45,42,18,41,46,36,43,17,37,46,17,17,37,46,42,46,39,47,46,46,43,38,16,38,18,41,39,46,18,47,0,
46,17,42,39,43,17,37,46,17,17,46,42,39,39,47,16,46,36,43,17,37,16,16,45,37,45,37,18,38,16,38,38,38,38,38,18,18,18,41,45,45,45,42,16,46,36,43,17,37,46,17,17,45,46,39,36,39,47,46,44,18,38,16,38,18,41,42,36,17,0,
16,38,18,41,43,17,37,46,17,17,45,46,42,42,39,47,16,46,36,43,17,47,47,45,37,45,37,18,38,16,38,18,18,38,38,38,18,18,18,41,45,45,45,42,16,46,36,43,17,37,46,17,17,45,46,46,42,39,45,37,18,38,16,38,18,41,44,36,39,0,
16,38,18,41,43,17,37,46,17,17,37,45,46,46,42,39,47,16,46,46,36,39,39,45,37,18,45,37,18,38,16,18,18,18,18,38,38,38,18,18,41,45,45,45,42,16,46,36,43,17,37,46,17,17,45,45,46,42,45,37,18,38,16,38,18,41,43,17,46,0,
16,38,18,41,43,17,37,46,17,17,37,18,45,45,46,42,39,47,16,16,46,42,42,45,37,18,45,37,18,38,16,38,18,18,18,18,38,38,18,41,45,45,45,42,42,47,46,36,43,17,37,46,17,17,46,47,45,46,45,37,18,38,16,38,18,41,18,38,16,0,
38,18,41,46,17,17,37,46,17,17,37,18,38,16,45,46,46,36,43,17,37,46,46,45,37,18,38,45,37,18,38,16,38,18,41,18,18,18,18,41,16,38,18,46,46,39,16,46,46,36,43,17,37,46,17,39,47,45,45,37,18,38,16,38,18,41,17,17,37,0,
38,18,41,39,45,37,46,17,17,45,37,18,38,16,38,45,16,46,36,43,17,45,45,46,45,37,18,38,45,37,18,38,16,38,18,41,18,18,38,16,38,18,41,45,45,42,47,16,46,36,43,17,37,46,17,42,39,16,45,37,18,38,16,38,18,41,46,17,17,0,
16,38,18,41,43,37,46,17,17,43,37,18,38,16,38,18,47,46,36,46,36,45,37,45,45,37,18,38,16,45,37,18,38,16,38,18,41,47,38,16,38,18,41,39,39,46,39,47,16,46,36,43,17,37,46,46,42,47,46,47,16,46,36,43,17,37,46,17,17,0,
16,38,18,41,45,37,46,17,17,45,37,18,38,16,38,18,39,16,46,16,43,45,37,18,45,45,37,18,38,16,38,18,41,41,46,43,46,46,18,38,16,38,18,41,41,45,42,39,47,46,36,43,17,37,46,45,46,39,46,39,47,46,36,43,17,37,46,17,17,0,
16,38,18,41,46,37,46,17,17,46,37,18,38,16,38,18,42,47,16,47,18,47,45,37,18,45,45,37,18,38,16,38,18,41,39,45,16,16,18,38,16,38,18,41,41,18,46,42,39,46,36,43,17,37,46,45,45,42,46,42,39,46,36,43,17,37,46,17,17,0,
16,38,18,41,39,37,46,17,17,39,37,18,38,16,38,18,46,39,46,39,44,42,45,37,18,38,46,45,37,18,38,16,38,18,41,46,17,47,16,16,16,46,46,36,43,17,45,46,42,16,43,47,39,19,39,45,37,46,46,46,42,46,36,43,17,37,46,17,17,0,
38,16,38,18,41,17,46,17,17,41,37,18,38,16,38,18,45,42,16,42,36,18,39,45,37,18,45,45,37,18,38,16,38,18,41,39,45,17,47,47,47,16,16,46,36,43,45,45,46,47,18,47,36,43,40,17,45,45,46,45,46,16,43,47,39,19,39,41,45,0,
38,16,38,18,41,45,46,17,17,45,37,18,38,16,38,18,41,46,47,46,43,18,16,45,37,18,38,46,45,37,18,38,16,38,18,41,43,45,17,17,17,47,47,16,46,36,43,46,45,39,44,42,40,39,47,41,45,37,46,45,45,47,18,47,36,43,40,17,43,0,
38,16,38,18,41,43,46,17,17,45,37,18,38,16,38,18,41,45,39,45,37,18,38,16,45,37,18,45,45,37,18,38,16,38,18,41,45,43,45,45,45,17,17,47,16,46,36,45,46,42,36,18,39,19,46,36,45,37,46,45,37,39,44,42,40,39,47,41,45,0,
38,16,38,18,41,45,46,17,17,45,37,18,38,16,38,18,41,43,42,45,37,18,38,16,38,45,37,18,38,16,38,18,41,41,39,46,46,45,43,43,43,45,45,17,17,16,46,36,45,46,43,18,16,46,17,42,45,37,46,45,37,42,36,18,39,19,46,36,46,0,
38,16,38,18,41,46,17,17,45,45,37,18,38,16,38,18,41,36,46,45,37,18,38,16,38,18,41,45,37,18,38,16,38,18,41,39,39,46,45,45,45,43,43,45,45,17,16,46,36,45,37,18,38,16,38,18,45,37,46,45,37,46,43,18,16,46,17,42,0,0,
38,16,38,18,41,39,45,17,43,45,37,18,38,16,38,18,41,46,45,37,18,38,16,38,18,41,39,39,45,37,18,38,16,38,18,41,41,39,46,46,46,45,45,43,43,45,17,17,46,36,43,17,37,46,17,17,45,37,46,45,37,45,37,18,38,16,38,18,41,0,
18,38,16,38,18,41,43,45,45,45,37,18,38,16,38,18,41,46,36,45,37,18,38,16,38,18,41,41,41,39,45,37,18,38,16,38,18,41,39,39,39,46,46,45,45,43,45,45,17,17,43,17,37,46,17,17,45,37,46,36,45,37,18,38,16,38,18,41,17,0,
18,38,16,38,18,41,45,43,46,37,18,38,16,38,18,41,39,46,36,43,17,37,45,37,18,38,16,38,18,41,41,45,37,18,38,16,38,18,41,41,41,39,39,46,46,45,43,43,45,45,17,17,17,37,46,17,45,37,46,36,45,37,18,38,16,38,18,41,45,0,
18,38,16,38,18,41,46,45,39,37,18,38,16,38,18,41,42,16,46,36,43,17,37,46,45,45,46,45,37,18,38,16,38,18,45,37,18,38,16,38,18,41,41,39,39,46,45,45,43,43,45,45,17,17,46,17,45,37,46,36,45,37,18,38,16,38,18,41,43,0,
18,38,16,38,18,41,39,46,41,37,18,38,16,38,18,41,17,47,46,36,43,17,37,46,17,17,45,45,45,45,37,18,38,16,38,18,45,37,18,38,16,38,18,41,41,39,46,46,45,45,43,43,45,45,17,17,45,37,46,36,45,37,18,38,16,38,18,41,45,0,
37,18,38,16,38,18,41,39,45,37,18,38,16,38,18,41,45,39,16,46,36,43,17,37,46,17,17,46,46,45,45,46,45,37,18,38,16,38,45,37,18,38,16,38,18,41,39,39,46,46,45,45,43,43,45,45,45,37,46,36,45,37,18,38,16,38,18,41,46,0,
37,18,38,16,38,18,41,41,45,37,18,38,16,38,18,41,43,42,47,46,36,43,17,37,46,17,17,39,39,46,46,45,45,37,18,38,16,38,18,45,37,18,38,16,38,18,41,41,39,39,46,46,45,45,43,43,45,37,46,36,45,37,18,38,16,38,18,41,39,0,
37,18,38,16,38,18,41,17,45,37,18,38,16,38,18,41,45,17,39,46,46,36,43,17,37,46,17,17,41,39,39,46,46,45,43,19,19,19,40,43,43,45,37,18,38,16,38,18,41,41,39,39,46,46,45,45,45,45,46,36,43,45,37,18,38,16,38,18,41,0,
37,18,38,16,38,18,41,39,45,37,18,38,16,38,18,41,46,45,42,16,16,46,36,43,17,37,46,17,17,41,41,39,39,46,45,43,43,38,45,36,40,16,19,45,37,18,38,16,38,18,41,41,39,39,46,46,46,45,46,36,43,45,37,18,38,16,38,18,41,0,
37,18,38,16,38,18,41,17,45,37,18,38,16,38,18,41,39,43,46,47,47,16,46,36,43,17,37,46,17,17,18,41,41,39,46,17,46,16,44,36,37,39,47,17,39,45,37,18,38,16,38,18,41,41,39,39,39,45,46,36,43,45,37,18,38,16,38,18,41,0,
37,18,46,36,43,17,37,46,17,17,37,18,38,16,38,18,41,45,45,39,39,47,16,46,46,36,43,17,37,46,17,17,18,41,39,46,17,17,39,19,39,43,44,18,41,46,36,45,37,18,38,16,38,18,41,41,41,45,46,36,43,17,37,46,17,17,18,46,17,0,
37,46,16,43,47,39,19,39,41,45,37,18,38,16,38,18,41,46,18,42,42,39,47,16,16,43,47,39,19,39,41,45,18,41,41,17,17,17,36,36,45,37,39,43,46,36,43,17,37,46,17,17,17,45,45,45,45,46,36,43,17,37,46,17,17,45,19,45,43,0,
46,16,47,18,47,36,43,40,17,43,37,18,38,16,38,18,41,39,18,46,46,42,39,47,47,18,47,36,43,40,17,43,38,18,41,46,17,17,37,46,17,17,38,41,46,36,43,17,37,46,17,17,45,43,43,43,43,16,43,47,39,19,39,41,45,17,17,38,44,0,
16,47,39,44,42,40,39,47,41,45,45,37,18,38,16,38,18,41,38,45,45,46,42,39,39,44,42,40,39,47,41,45,46,36,43,17,37,46,17,17,41,45,37,40,16,46,36,43,17,37,46,17,17,45,46,46,46,46,18,47,36,43,40,17,43,45,42,45,36,0,
47,39,42,36,18,39,19,46,36,46,45,37,18,38,16,38,18,41,18,41,39,45,46,42,42,36,18,39,19,46,36,46,16,46,36,43,17,37,46,17,17,43,37,17,47,16,46,36,43,17,37,46,17,17,46,46,46,46,44,42,40,39,47,41,45,43,43,18,16,0,
39,42,46,43,18,16,46,17,42,39,45,37,18,38,16,38,18,41,38,18,41,45,45,46,46,43,18,16,46,17,42,39,47,16,43,47,39,19,39,41,45,45,42,44,39,47,16,46,36,43,17,37,46,17,46,46,46,46,36,18,39,19,46,36,46,45,43,44,43,0,
42,46,45,37,18,38,16,38,18,41,39,47,18,45,37,18,38,16,38,18,41,43,40,45,45,37,18,38,16,38,18,41,39,47,18,47,36,43,40,17,43,46,47,47,42,39,47,16,46,46,36,43,17,37,46,46,46,46,43,18,16,46,17,42,39,46,37,19,46,0,
46,45,37,18,38,16,38,18,41,18,42,37,18,45,37,18,38,16,38,18,41,45,37,46,45,37,18,38,16,38,18,41,42,39,44,42,40,39,47,41,45,46,36,43,46,42,39,47,16,16,43,47,39,19,39,41,39,45,37,18,38,16,38,18,41,39,17,43,16,0,
45,37,18,38,16,38,18,41,41,36,42,17,16,45,37,18,38,16,38,18,41,46,38,45,45,37,18,38,16,45,45,46,46,42,36,18,39,19,46,36,46,46,46,36,45,46,42,39,47,47,18,47,36,43,40,17,42,45,37,18,38,16,38,18,41,41,16,19,17,0,
45,45,37,18,38,16,38,18,41,17,17,17,17,17,17,17,17,17,38,18,41,39,17,17,17,17,38,16,38,45,37,45,45,46,43,18,16,46,17,42,39,16,16,46,46,45,46,42,39,39,44,42,40,39,47,41,46,47,45,37,18,38,16,38,18,41,38,43,37,0,
45,37,18,38,16,38,18,41,17,17,17,17,17,17,45,45,17,45,17,17,17,41,45,45,45,45,38,16,38,18,45,37,18,45,37,18,38,16,38,18,41,47,47,16,16,16,45,46,42,42,36,18,39,19,46,36,45,39,45,37,18,38,16,38,18,41,42,45,44,0,
45,37,18,38,16,38,18,41,45,45,45,45,45,17,43,43,45,43,45,45,45,17,43,43,43,43,38,16,38,18,41,41,39,46,46,46,46,46,45,45,17,39,39,46,36,43,17,37,46,17,17,18,16,46,17,42,45,42,45,37,18,38,16,38,18,41,41,42,37,0,
45,37,18,38,16,38,18,41,43,43,43,43,43,45,45,45,43,45,43,43,43,45,45,45,45,45,18,38,16,38,18,41,41,39,39,39,39,39,46,46,19,42,42,16,43,47,39,19,39,41,45,18,38,16,38,18,41,46,45,37,18,38,16,38,18,41,43,17,41,0,
45,37,18,38,16,38,18,41,45,45,45,45,45,43,46,46,45,46,45,45,45,43,46,46,46,46,45,37,18,38,16,38,18,41,41,41,41,41,39,39,36,46,46,47,18,47,36,43,40,17,43,46,45,37,18,38,16,45,45,37,18,38,16,38,18,41,45,44,40,0,
37,18,38,16,38,18,41,46,46,46,46,46,46,45,39,39,46,39,46,46,46,45,39,39,39,39,44,37,38,36,45,37,18,38,16,38,18,41,41,41,38,45,45,39,44,42,40,39,47,41,45,45,37,18,38,16,38,45,37,18,38,16,38,18,41,28,38,17,41,0,
37,18,38,16,38,18,41,39,39,39,39,39,39,46,41,41,39,41,39,39,39,46,41,41,41,41,46,43,46,18,42,40,45,47,16,40,44,38,37,38,39,42,39,42,36,18,39,19,46,36,46,37,18,38,16,38,18,41,43,40,43,36,19,37,44,43,39,45,42,0,
0,37,18,38,16,38,18,41,41,41,41,41,41,39,41,18,41,41,41,41,41,39,46,44,43,39,43,36,18,18,17,18,42,16,16,16,38,42,38,42,44,37,37,46,43,18,16,46,17,42,39,18,38,16,38,18,41,17,47,18,17,41,40,47,17,16,40,36,36,0,
0,37,18,38,16,38,18,41,18,38,16,38,18,41,37,18,38,16,38,18,41,0,18,16,36,44,38,42,45,17,41,37,36,37,39,40,47,42,17,36,41,46,38,45,37,18,38,0,38,18,41,18,40,16,39,44,18,40,16,47,47,43,44,16,37,18,36,42,42,0,
0,0,0,0,0,0,0,0,0,0,0,0,0,0,0,0,0,0,0,0,0,0,0,0,0,0,0,0,0,0,0,0,0,0,0,0,0,0,0,0,0,0,0,0,0,0,0,0,0,0,0,0,0,0,0,0,0,0,0,0,0,0,0,0,0,0,0,0,0,0,
0,0,0,0,0,0,0,0,0,0,0,0,0,0,0,0,0,0,0,0,0,0,0,0,0,0,0,0,0,0,0,0,0,0,0,0,0,0,0,0,0,0,0,0,0,0,0,0,0,0,0,0,0,0,0,0,0,0,0,0,0,0,0,0,0,0,0,0,0,0,
0,0,0,0,0,0,0,0,0,0,0,0,0,0,0,0,0,0,0,0,0,0,0,0,0,0,0,0,0,0,0,0,0,0,0,0,0,0,0,0,0,0,0,0,0,0,0,0,0,0,0,0,0,0,0,0,0,0,0,0,0,0,0,0,0,0,0,0,0,0,
0,0,0,0,0,0,0,0,0,0,0,0,0,0,0,0,0,0,0,0,0,0,0,0,0,0,0,0,0,0,0,0,0,0,0,0,0,0,0,0,0,0,0,0,0,0,0,0,0,0,0,0,0,0,0,0,0,0,0,0,0,0,0,0,0,0,0,0,0,0,
0,0,0,0,0,0,0,0,0,0,0,0,0,0,0,0,0,0,0,0,0,0,0,0,0,0,0,0,0,0,0,0,0,0,0,0,0,0,0,0,0,0,0,0,0,0,0,0,0,0,0,0,0,0,0,0,0,0,0,0,0,0,0,0,0,0,0,0,0,0,
0,0,0,0,0,0,0,0,0,0,0,0,0,0,0,0,0,0,0,0,0,0,0,0,0,0,0,0,0,0,0,0,0,0,0,0,0,0,0,0,0,0,0,0,0,0,0,0,0,0,0,0,0,0,0,0,0,0,0,0,0,0,0,0,0,0,0,0,0,0,
0,0,0,0,0,0,0,0,0,0,0,0,0,0,0,0,0,0,0,0,0,0,0,0,0,0,0,0,0,0,0,0,0,0,0,0,0,0,0,0,0,0,0,0,0,0,0,0,0,0,0,0,0,0,0,0,0,0,0,0,0,0,0,0,0,0,0,0,0,0,
0,0,0,0,0,0,0,0,0,0,0,0,0,0,0,0,0,0,0,0,0,0,0,0,0,0,0,0,0,0,0,0,0,0,0,0,0,0,0,0,0,0,0,0,0,0,0,0,0,0,0,0,0,0,0,0,0,0,0,0,0,0,0,0,0,0,0,0,0,0,
0,0,0,0,0,0,0,0,0,0,0,0,0,0,0,0,0,0,0,0,0,0,0,0,0,0,0,0,0,0,0,0,0,0,0,0,0,0,0,0,0,0,0,0,0,0,0,0,0,0,0,0,0,0,0,0,0,0,0,0,0,0,0,0,0,0,0,0,0,0,
0,0,0,0,0,0,0,0,0,0,0,0,0,0,0,0,0,0,0,0,0,0,0,0,0,0,0,0,0,0,0,0,0,0,0,0,0,0,0,0,0,0,0,0,0,0,0,0,0,0,0,0,0,0,0,0,0,0,0,0,0,0,0,0,0,0,0,0,0,0,
0,0,0,0,0,0,0,0,0,0,0,0,0,0,0,0,0,0,0,0,0,0,0,0,0,0,0,0,0,0,0,0,0,0,0,0,0,0,0,0,0,0,0,0,0,0,0,0,0,0,0,0,0,0,0,0,0,0,0,0,0,0,0,0,0,0,0,0,0,0,
0,0,0,0,0,0,0,0,0,0,0,0,0,0,0,0,0,0,0,0,0,0,0,0,0,0,0,0,0,0,0,0,0,0,0,0,0,0,0,0,0,0,0,0,0,0,0,0,0,0,0,0,0,0,0,0,0,0,0,0,0,0,0,0,0,0,0,0,0,0,
0,0,0,0,0,0,0,0,0,0,0,0,0,0,0,0,0,0,0,0,0,0,0,0,0,0,0,0,0,0,0,0,0,0,0,0,0,0,0,0,0,0,0,0,0,0,0,0,0,0,0,0,0,0,0,0,0,0,0,0,0,0,0,0,0,0,0,0,0,0

[layer]
type=object
data=
84,84,84,84,84,84,84,84,84,84,84,84,84,84,84,84,84,84,84,84,84,84,84,84,84,84,84,84,84,84,84,84,84,84,84,84,84,84,84,84,84,84,84,84,84,84,84,84,84,84,84,84,84,84,84,84,84,84,84,84,84,84,84,84,84,84,84,84,84,84,
84,77,69,109,103,65,65,109,69,65,99,69,97,103,109,69,78,84,77,69,103,105,65,69,69,69,97,109,97,107,105,69,105,69,97,65,69,78,84,77,109,103,69,99,109,69,69,69,69,97,103,78,84,77,105,69,105,103,105,103,109,103,105,69,65,65,97,99,78,84,
84,104,0,0,0,0,0,0,0,0,0,0,0,0,0,0,66,84,96,0,0,0,0,0,0,0,0,0,0,0,0,0,0,0,0,0,0,66,84,106,0,0,0,0,0,0,0,0,0,0,0,66,84,108,0,0,0,0,0,0,0,0,0,0,0,0,0,0,66,84,
84,102,0,0,0,0,0,0,0,0,0,0,0,0,0,0,66,84,64,0,0,0,0,0,0,0,0,0,0,0,0,0,0,0,0,0,0,66,84,102,0,0,0,0,0,0,0,0,0,0,0,66,84,104,0,0,0,0,0,0,0,0,0,0,0,0,0,0,66,84,
84,98,0,0,0,0,0,0,0,0,0,0,0,0,0,0,66,84,68,0,0,0,0,0,0,0,0,0,0,0,0,0,0,0,0,0,0,66,84,64,0,0,0,0,0,0,0,0,0,0,0,66,84,104,0,0,0,0,0,0,0,0,0,0,0,0,0,0,66,84,
84,102,0,0,0,0,0,0,0,0,0,0,0,0,0,0,74,103,73,0,0,0,0,0,0,0,0,0,0,0,0,0,0,0,0,0,0,66,84,68,0,0,0,0,0,0,0,0,0,0,0,66,84,102,0,0,0,0,0,0,0,0,0,0,0,0,0,0,66,84,
84,96,0,0,0,0,0,0,0,0,0,0,0,0,0,0,0,0,0,0,0,0,0,0,0,0,0,0,0,0,0,0,0,0,0,0,0,66,84,108,0,0,0,0,0,0,0,0,0,0,0,74,103,73,0,0,0,0,0,0,0,0,0,0,0,0,0,0,66,84,
84,102,0,0,0,0,0,0,0,0,0,0,0,0,0,0,0,0,0,0,0,0,0,0,0,0,0,0,0,0,0,0,0,0,0,0,0,66,84,96,0,0,0,0,0,0,0,0,0,0,0,0,0,0,0,0,0,0,0,0,0,0,0,0,0,0,0,0,66,84,
84,64,0,0,0,0,0,0,0,0,0,0,0,0,0,0,0,0,0,0,0,0,0,0,0,0,0,0,0,0,0,0,0,0,0,0,0,66,84,68,0,0,0,0,0,0,0,0,0,0,0,0,0,0,0,0,0,0,0,0,0,0,0,0,0,0,0,0,66,84,
84,106,0,0,0,0,0,0,0,0,0,0,0,0,0,0,75,67,72,0,0,0,0,0,0,0,0,0,0,0,0,0,0,0,0,0,0,66,84,108,0,0,0,0,0,0,0,0,0,0,0,0,0,0,0,0,0,0,0,0,0,0,0,0,0,0,0,0,66,84,
84,104,0,0,0,0,0,0,0,0,0,0,0,0,0,0,66,84,68,0,0,0,0,0,0,0,0,0,0,0,0,0,0,0,0,0,0,66,84,102,0,0,0,0,0,0,0,0,0,0,0,0,0,0,0,0,0,0,0,0,0,0,0,0,0,0,0,0,66,84,
84,102,0,0,0,0,0,0,0,0,0,0,0,0,0,0,66,84,64,0,0,0,0,0,0,0,0,0,0,0,0,0,0,0,0,0,0,66,84,68,0,0,0,0,0,0,0,0,0,0,0,75,67,72,0,0,0,0,0,0,0,0,0,0,0,0,0,0,66,84,
84,106,0,0,0,0,0,0,0,0,0,0,0,0,0,0,66,84,68,0,0,0,0,0,0,0,0,0,0,0,0,0,0,0,0,0,0,66,84,64,0,0,0,0,0,0,0,0,0,0,0,66,84,68,0,0,0,0,0,0,0,0,0,0,0,0,0,0,66,84,
84,104,0,0,0,0,0,0,0,0,0,0,0,0,0,0,66,84,102,0,0,0,0,0,0,0,0,0,0,0,0,0,0,0,0,0,0,66,84,104,0,0,0,0,0,0,0,0,0,0,0,66,84,102,0,0,0,0,0,0,0,0,0,0,0,0,0,0,66,84,
84,76,67,67,67,67,67,67,67,67,67,67,67,67,67,67,79,84,76,67,67,67,67,72,0,0,0,75,67,67,67,67,67,67,67,67,67,79,84,76,67,67,67,67,67,67,67,67,67,67,67,79,84,106,0,0,0,0,0,0,0,0,0,0,0,0,0,0,66,84,
84,84,84,84,84,84,84,84,84,84,84,84,84,84,84,84,84,84,84,84,84,84,84,98,84,0,0,66,84,84,84,84,84,84,84,84,84,84,84,84,84,84,84,84,84,84,84,84,84,84,84,84,84,106,0,0,0,0,0,0,0,0,0,0,0,0,0,0,66,84,
84,77,99,109,103,105,109,97,103,65,99,78,84,77,103,105,109,105,109,65,103,109,109,73,0,0,0,74,107,97,105,65,78,84,77,103,97,109,105,107,105,69,97,103,105,103,107,107,105,65,105,78,84,102,0,0,0,0,0,0,0,0,0,0,0,0,0,0,66,84,
84,64,0,0,0,0,0,0,0,0,0,66,84,68,0,0,0,0,0,0,0,0,0,0,0,0,0,0,0,0,0,0,66,84,106,0,0,0,0,0,0,0,0,0,0,0,0,0,0,0,0,66,84,68,0,0,0,0,0,0,0,0,0,0,0,0,0,0,66,84,
84,104,0,0,0,0,0,0,0,0,0,66,84,106,0,0,0,0,0,0,0,0,0,0,0,0,0,0,0,0,0,0,66,84,108,0,0,0,0,0,0,0,0,0,0,0,0,0,0,0,0,66,84,106,0,0,0,0,0,0,0,0,0,0,0,0,0,0,66,84,
84,68,0,0,0,0,0,0,0,0,0,66,84,108,0,0,0,0,0,0,0,0,0,0,0,0,0,0,0,0,0,0,66,84,108,0,0,0,0,0,0,0,0,0,0,0,0,0,0,0,0,74,105,73,0,0,0,0,0,0,0,0,0,0,0,0,0,0,66,84,
84,98,0,0,0,0,0,0,0,0,0,66,84,106,0,0,0,0,0,0,0,0,0,0,0,0,0,0,0,0,0,0,66,84,68,0,0,0,0,0,0,0,0,0,0,0,0,0,0,0,0,0,0,0,0,0,0,0,0,0,0,0,0,0,0,0,0,0,66,84,
84,68,0,0,0,0,0,0,0,0,0,66,84,108,0,0,0,0,0,0,0,0,0,0,0,0,0,0,0,0,0,0,66,84,96,0,0,0,0,0,0,0,0,0,0,0,0,0,0,0,0,0,0,0,0,0,0,0,0,0,0,0,0,0,0,0,0,0,66,84,
84,102,0,0,0,0,0,0,0,0,0,66,84,108,0,0,0,0,0,0,0,0,0,0,0,0,0,0,0,0,0,0,66,84,104,0,0,0,0,0,0,0,0,0,0,0,0,0,0,0,0,0,0,0,0,0,0,0,0,0,0,0,0,0,0,0,0,0,66,84,
84,104,0,0,0,0,0,0,0,0,0,74,99,73,0,0,0,0,0,0,0,0,0,0,0,0,0,0,0,0,0,0,66,84,104,0,0,0,0,0,0,0,0,0,0,0,0,0,0,0,0,75,67,72,0,0,0,0,0,0,0,0,0,0,0,0,0,0,66,84,
84,68,0,0,0,0,0,0,0,0,0,0,0,0,0,0,0,0,0,0,0,0,0,0,0,0,0,0,0,0,0,0,66,84,102,0,0,0,0,0,0,0,0,0,0,0,0,0,0,0,0,66,84,96,0,0,0,0,0,0,0,0,0,0,0,0,0,0,66,84,
84,106,0,0,0,0,0,0,0,0,0,0,0,0,0,0,0,0,0,0,0,0,0,0,0,0,0,0,0,0,0,0,66,84,104,0,0,0,0,0,0,0,0,0,0,0,0,0,0,0,0,66,84,68,0,0,0,0,0,0,0,0,0,0,0,0,0,0,66,84,
84,96,0,0,0,0,0,0,0,0,0,0,0,0,0,0,0,0,0,0,0,0,0,0,0,0,0,0,0,0,0,0,66,84,68,0,0,0,0,0,0,0,0,0,0,0,0,0,0,0,0,66,84,96,0,0,0,0,0,0,0,0,0,0,0,0,0,0,66,84,
84,68,0,0,0,0,0,0,0,0,0,75,67,72,0,0,0,0,0,0,0,0,0,0,0,0,0,0,0,0,0,0,66,84,102,0,0,0,0,0,0,0,0,0,0,0,75,67,67,67,67,79,84,76,67,67,72,0,0,0,0,75,67,67,67,67,67,67,79,84,
84,102,0,0,0,0,0,0,0,0,0,66,84,68,0,0,0,0,0,0,0,0,0,0,0,0,0,0,0,0,0,0,66,84,98,0,0,0,0,0,0,0,0,0,0,0,66,84,84,84,84,84,84,84,84,84,68,0,0,0,0,66,84,84,84,84,84,84,84,84,
84,104,0,0,0,0,0,0,0,0,0,66,84,104,0,0,0,0,0,0,0,0,0,0,0,0,0,0,0,0,0,0,66,84,106,0,0,0,0,0,0,0,0,0,0,0,66,84,77,65,99,65,107,105,103,109,73,0,0,0,0,74,103,103,69,105,105,65,78,84,
84,76,67,67,67,67,67,67,67,67,67,79,84,106,0,0,0,0,0,0,0,0,0,0,0,0,0,0,0,0,0,0,66,84,98,0,0,0,0,0,0,0,0,0,0,0,66,84,98,0,0,0,0,0,0,0,0,0,0,0,0,0,0,0,0,0,0,0,66,84,
84,84,84,84,84,84,84,84,84,84,84,84,84,102,0,0,0,0,0,0,0,0,0,0,0,0,0,0,0,0,0,0,66,84,102,0,0,0,0,0,0,0,0,0,0,0,66,84,64,0,0,0,0,0,0,0,0,0,0,0,0,0,0,0,0,0,0,0,66,84,
84,77,105,99,103,105,65,105,105,97,105,78,84,106,0,0,0,0,0,0,0,0,0,0,0,0,0,0,0,0,0,0,66,84,106,0,0,0,0,0,0,0,0,0,0,0,66,84,104,0,0,0,0,0,0,0,0,0,0,0,0,0,0,0,0,0,0,0,66,84,
84,104,0,0,0,0,0,0,0,0,0,66,84,98,0,0,0,0,0,0,0,0,0,0,0,0,0,0,0,0,0,0,66,84,102,0,0,0,0,0,0,0,0,0,0,0,66,84,104,0,0,0,0,0,0,0,0,0,0,0,0,0,0,0,0,0,0,0,66,84,
84,96,0,0,0,0,0,0,0,0,0,66,84,64,0,0,0,0,0,0,0,0,0,0,0,0,0,0,0,0,0,0,66,84,96,0,0,0,0,0,0,0,0,0,0,0,66,84,104,0,0,0,0,0,0,0,0,0,0,0,0,0,0,0,0,0,0,0,66,84,
84,108,0,0,0,0,0,0,0,0,0,66,84,96,0,0,0,0,0,0,0,0,0,0,0,0,0,0,0,0,0,0,66,84,98,0,0,0,0,0,0,0,0,0,0,0,66,84,68,0,0,0,0,0,0,0,0,0,0,0,0,0,0,0,0,0,0,0,66,84,
84,96,0,0,0,0,0,0,0,0,0,66,84,68,0,0,0,0,0,0,0,0,0,0,0,0,0,0,0,0,0,0,66,84,68,0,0,0,0,0,0,0,0,0,0,0,66,84,104,0,0,0,0,0,0,0,0,0,0,0,0,0,0,0,0,0,0,0,66,84,
84,64,0,0,0,0,0,0,0,0,0,74,109,73,0,0,0,0,0,0,0,0,0,0,0,0,0,0,0,0,0,0,66,84,96,0,0,0,0,0,0,0,0,0,0,0,66,84,98,0,0,0,0,0,0,0,0,0,0,0,0,0,0,0,0,0,0,0,66,84,
84,104,0,0,0,0,0,0,0,0,0,0,0,0,0,0,0,0,0,0,0,0,0,0,0,0,0,0,0,0,0,0,66,84,108,0,0,0,0,0,0,0,0,0,0,0,66,84,108,0,0,0,0,0,0,0,0,0,0,0,0,0,0,0,0,0,0,0,66,84,
84,98,0,0,0,0,0,0,0,0,0,0,0,0,0,0,0,0,0,0,0,0,0,0,0,0,0,0,0,0,0,0,66,84,108,0,0,0,0,0,0,0,0,0,0,0,66,84,68,0,0,0,0,0,0,0,0,0,0,0,0,0,0,0,0,0,0,0,66,84,
84,102,0,0,0,0,0,0,0,0,0,0,0,0,0,0,0,0,0,0,0,0,0,0,0,0,0,0,0,0,0,0,66,84,102,0,0,0,0,0,0,0,0,0,0,0,66,84,98,0,0,0,0,0,0,0,0,0,0,0,0,0,0,0,0,0,0,0,66,84,
84,102,285,0,0,0,0,0,0,0,0,75,67,72,0,0,0,0,0,0,0,0,0,0,0,0,0,0,0,0,0,0,66,84,76,67,67,72,0,0,0,0,75,67,67,67,79,84,102,0,0,0,0,0,0,0,0,0,0,0,0,0,0,0,0,0,0,0,66,84,
84,102,0,0,0,0,0,0,0,0,0,66,84,106,0,0,0,0,0,0,0,0,0,0,0,0,0,0,0,0,0,0,66,84,84,84,84,98,0,0,0,0,66,84,84,84,84,84,108,0,0,0,0,0,0,0,0,0,0,0,0,0,0,0,0,0,0,0,66,84,
84,102,0,0,0,0,0,0,0,0,0,66,84,106,0,0,0,0,0,0,0,0,0,0,0,0,0,0,0,0,0,0,66,84,77,103,109,73,0,0,0,0,74,65,103,107,78,84,108,0,0,0,0,0,0,0,0,0,0,0,0,0,0,0,0,0,0,0,66,84,
84,96,0,0,0,0,0,0,0,0,0,66,84,96,0,0,0,0,0,0,0,0,0,0,0,0,0,0,0,0,0,0,66,84,98,0,0,0,0,0,0,0,0,0,0,0,66,84,106,0,0,0,0,0,0,0,0,0,0,0,0,0,0,0,0,0,0,0,66,84,
84,108,0,0,0,0,0,0,0,0,0,66,84,102,0,0,0,0,0,0,0,0,0,0,0,0,0,0,0,0,0,0,66,84,102,0,0,0,0,0,0,0,0,0,0,0,66,84,98,0,0,0,0,0,0,0,0,0,0,0,0,0,0,0,0,0,0,0,66,84,
84,76,67,67,67,67,67,67,67,67,67,79,84,76,67,67,67,67,67,67,67,67,67,67,67,72,0,0,0,75,67,67,79,84,68,0,0,0,0,0,0,0,0,0,0,0,66,84,102,0,0,0,0,0,0,0,0,0,0,0,0,0,0,0,0,0,0,0,66,84,
84,84,84,84,84,84,84,84,84,84,84,84,84,84,84,84,84,84,84,84,84,84,84,84,84,98,0,0,0,66,84,84,84,84,104,0,0,0,0,0,0,0,0,0,0,0,66,84,64,0,0,0,0,0,0,0,0,0,0,0,0,0,0,0,0,0,0,0,66,84,
84,77,97,99,97,103,97,69,69,69,99,65,69,97,97,103,105,99,105,97,78,84,77,65,65,73,0,0,0,74,65,69,97,105,73,0,0,0,0,0,0,0,0,0,0,0,66,84,106,0,0,0,0,0,0,0,0,0,0,0,0,0,0,0,0,0,0,0,66,84,
84,96,0,0,0,0,0,0,0,0,0,0,0,0,0,0,0,0,0,0,66,84,104,0,0,0,0,0,0,0,0,0,0,0,0,0,0,0,0,0,0,0,0,0,0,0,66,84,108,0,0,0,0,0,0,0,0,0,0,0,0,0,0,0,0,0,0,0,66,84,
84,64,0,0,0,0,0,0,0,0,0,0,0,0,0,0,0,0,0,0,74,69,73,0,0,0,0,0,0,0,0,0,0,0,0,0,0,0,0,0,0,0,0,0,0,0,66,84,64,0,0,0,0,0,0,0,0,0,0,0,0,0,0,0,0,0,0,0,66,84,
84,68,0,0,0,0,0,0,0,0,0,0,0,0,0,0,0,0,0,0,0,0,0,0,0,0,0,0,0,0,0,0,0,0,0,0,0,0,0,0,0,0,0,0,0,0,66,84,104,0,0,0,0,0,0,0,0,0,0,0,0,0,0,0,0,0,0,0,66,84,
84,106,0,0,0,0,0,0,0,0,0,0,0,0,0,0,0,0,0,0,0,0,0,0,0,0,0,0,0,0,0,0,0,0,0,0,0,0,0,0,0,0,0,0,0,0,66,84,96,0,0,0,0,0,0,0,0,0,0,0,0,0,0,0,0,0,0,0,66,84,
84,102,0,0,0,0,0,0,0,0,0,0,0,0,0,0,0,0,0,0,0,0,0,0,0,0,0,0,0,0,0,0,0,0,0,0,0,0,0,0,0,0,0,0,0,0,66,84,98,0,0,0,0,0,0,0,0,0,0,0,0,0,0,0,0,0,0,0,66,84,
84,64,0,0,0,0,0,0,0,0,0,0,0,0,0,0,0,0,0,0,75,67,72,0,0,0,0,0,0,0,0,0,0,0,0,0,0,0,0,0,0,0,0,0,0,0,66,84,98,0,0,0,0,0,0,0,0,0,0,0,0,0,0,0,0,0,0,0,66,84,
84,106,0,0,0,0,0,0,0,0,0,0,0,0,0,0,0,0,0,0,66,84,96,0,0,0,0,0,0,0,0,0,0,0,0,0,0,0,0,0,0,0,0,0,0,0,66,84,102,0,0,0,0,0,0,0,0,0,0,0,0,0,0,0,0,0,0,0,66,84,
84,76,67,67,67,67,67,67,67,67,67,67,67,67,67,67,67,67,67,67,79,84,76,67,67,67,67,67,67,67,67,67,67,67,67,67,67,67,67,67,67,67,67,67,67,67,79,84,76,67,67,67,67,67,67,67,67,67,67,67,67,67,67,67,67,67,67,67,79,84,
0,84,84,84,84,84,84,84,84,84,84,84,84,84,84,84,0,84,84,84,84,84,84,84,84,84,84,84,84,84,84,84,84,0,0,0,0,0,0,0,0,0,0,0,0,84,84,84,84,84,0,0,0,0,84,84,84,84,84,84,84,84,84,84,84,84,84,84,84,84,
0,0,0,0,0,0,0,0,0,0,0,0,0,0,0,0,0,0,0,0,0,0,0,0,0,0,0,0,0,0,0,0,0,0,0,0,0,0,0,0,0,0,0,0,0,0,0,0,0,0,0,0,0,0,0,0,0,0,0,0,0,0,0,0,0,0,0,0,0,0,
0,0,0,0,0,0,0,0,0,0,0,0,0,0,0,0,0,0,0,0,0,0,0,0,0,0,0,0,0,0,0,0,0,0,0,0,0,0,0,0,0,0,0,0,0,0,0,0,0,0,0,0,0,0,0,0,0,0,0,0,0,0,0,0,0,0,0,0,0,0,
0,0,0,0,0,0,0,0,0,0,0,0,0,0,0,0,0,0,0,0,0,0,0,0,0,0,0,0,0,0,0,0,0,0,0,0,0,0,0,0,0,0,0,0,0,0,0,0,0,0,0,0,0,0,0,0,0,0,0,0,0,0,0,0,0,0,0,0,0,0,
0,0,0,0,0,0,0,0,0,0,0,0,0,0,0,0,0,0,0,0,0,0,0,0,0,0,0,0,0,0,0,0,0,0,0,0,0,0,0,0,0,0,0,0,0,0,0,0,0,0,0,0,0,0,0,0,0,0,0,0,0,0,0,0,0,0,0,0,0,0,
0,0,0,0,0,0,0,0,0,0,0,0,0,0,0,0,0,0,0,0,0,0,0,0,0,0,0,0,0,0,0,0,0,0,0,0,0,0,0,0,0,0,0,0,0,0,0,0,0,0,0,0,0,0,0,0,0,0,0,0,0,0,0,0,0,0,0,0,0,0,
0,0,0,0,0,0,0,0,0,0,0,0,0,0,0,0,0,0,0,0,0,0,0,0,0,0,0,0,0,0,0,0,0,0,0,0,0,0,0,0,0,0,0,0,0,0,0,0,0,0,0,0,0,0,0,0,0,0,0,0,0,0,0,0,0,0,0,0,0,0,
0,0,0,0,0,0,0,0,0,0,0,0,0,0,0,0,0,0,0,0,0,0,0,0,0,0,0,0,0,0,0,0,0,0,0,0,0,0,0,0,0,0,0,0,0,0,0,0,0,0,0,0,0,0,0,0,0,0,0,0,0,0,0,0,0,0,0,0,0,0,
0,0,0,0,0,0,0,0,0,0,0,0,0,0,0,0,0,0,0,0,0,0,0,0,0,0,0,0,0,0,0,0,0,0,0,0,0,0,0,0,0,0,0,0,0,0,0,0,0,0,0,0,0,0,0,0,0,0,0,0,0,0,0,0,0,0,0,0,0,0,
0,0,0,0,0,0,0,0,0,0,0,0,0,0,0,0,0,0,0,0,0,0,0,0,0,0,0,0,0,0,0,0,0,0,0,0,0,0,0,0,0,0,0,0,0,0,0,0,0,0,0,0,0,0,0,0,0,0,0,0,0,0,0,0,0,0,0,0,0,0,
0,0,0,0,0,0,0,0,0,0,0,0,0,0,0,0,0,0,0,0,0,0,0,0,0,0,0,0,0,0,0,0,0,0,0,0,0,0,0,0,0,0,0,0,0,0,0,0,0,0,0,0,0,0,0,0,0,0,0,0,0,0,0,0,0,0,0,0,0,0,
0,0,0,0,0,0,0,0,0,0,0,0,0,0,0,0,0,0,0,0,0,0,0,0,0,0,0,0,0,0,0,0,0,0,0,0,0,0,0,0,0,0,0,0,0,0,0,0,0,0,0,0,0,0,0,0,0,0,0,0,0,0,0,0,0,0,0,0,0,0,
0,0,0,0,0,0,0,0,0,0,0,0,0,0,0,0,0,0,0,0,0,0,0,0,0,0,0,0,0,0,0,0,0,0,0,0,0,0,0,0,0,0,0,0,0,0,0,0,0,0,0,0,0,0,0,0,0,0,0,0,0,0,0,0,0,0,0,0,0,0

[layer]
type=collision
data=
1,1,1,1,1,1,1,1,1,1,1,1,1,1,1,1,1,1,1,1,1,1,1,1,1,1,1,1,1,1,1,1,1,1,1,1,1,1,1,1,1,1,1,1,1,1,1,1,1,1,1,1,1,1,1,1,1,1,1,1,1,1,1,1,1,1,1,1,1,1,
1,1,1,1,1,1,1,1,1,1,1,1,1,1,1,1,1,1,1,1,1,1,1,1,1,1,1,1,1,1,1,1,1,1,1,1,1,1,1,1,1,1,1,1,1,1,1,1,1,1,1,1,1,1,1,1,1,1,1,1,1,1,1,1,1,1,1,1,1,1,
1,1,0,0,0,0,0,0,0,0,0,0,0,0,1,1,1,1,1,0,0,0,0,0,0,0,0,0,0,0,0,0,0,0,0,1,1,1,1,1,0,0,0,0,0,0,0,0,0,1,1,1,1,1,0,0,0,0,0,0,0,0,0,0,0,0,1,1,1,1,
1,1,0,0,0,0,0,0,0,0,0,0,0,0,1,1,1,1,1,0,0,0,0,0,0,0,0,0,0,0,0,0,0,0,0,1,1,1,1,1,0,0,0,0,0,0,0,0,0,1,1,1,1,1,0,0,0,0,0,0,0,0,0,0,0,0,1,1,1,1,
1,1,0,0,0,0,0,0,0,0,0,0,0,0,0,1,1,1,1,0,0,0,0,0,0,0,0,0,0,0,0,0,0,0,0,1,1,1,1,1,0,0,0,0,0,0,0,0,0,1,1,1,1,1,0,0,0,0,0,0,0,0,0,0,0,0,1,1,1,1,
1,1,0,0,0,0,0,0,0,0,0,0,0,0,0,0,1,1,1,0,0,0,0,0,0,0,0,0,0,0,0,0,0,0,0,1,1,1,1,1,0,0,0,0,0,0,0,0,0,0,1,1,1,1,0,0,0,0,0,0,0,0,0,0,0,0,1,1,1,1,
1,1,0,0,0,0,0,0,0,0,0,0,0,0,0,0,0,0,0,0,0,0,0,0,0,0,0,0,0,0,0,0,0,0,0,1,1,1,1,1,0,0,0,0,0,0,0,0,0,0,0,1,1,1,0,0,0,0,0,0,0,0,0,0,0,0,1,1,1,1,
1,1,0,0,0,0,0,0,0,0,0,0,0,0,1,1,0,0,0,0,0,0,0,0,0,0,0,0,0,0,0,0,0,0,0,1,1,1,1,1,0,0,0,0,0,0,0,0,0,0,0,0,0,0,0,0,0,0,0,0,0,0,0,0,0,0,1,1,1,1,
1,1,0,0,0,0,0,0,0,0,0,0,0,0,1,1,1,0,0,0,0,0,0,0,0,0,0,0,0,0,0,0,0,0,0,1,1,1,1,1,0,0,0,0,0,0,0,0,0,0,0,0,0,0,0,0,0,0,0,0,0,0,0,0,0,0,1,1,1,1,
1,1,0,0,0,0,0,0,0,0,0,0,0,0,1,1,1,1,1,0,0,0,0,0,0,0,0,0,0,0,0,0,0,0,0,1,1,1,1,1,0,0,0,0,0,0,0,0,0,1,1,1,0,0,0,0,0,0,0,0,0,0,0,0,0,0,1,1,1,1,
1,1,0,0,0,0,0,0,0,0,0,0,0,0,1,1,1,1,1,0,0,0,0,0,0,0,0,0,0,0,0,0,0,0,0,1,1,1,1,1,0,0,0,0,0,0,0,0,0,1,1,1,1,0,0,0,0,0,0,0,0,0,0,0,0,0,1,1,1,1,
1,1,0,0,0,0,0,0,0,0,0,0,0,0,1,1,1,1,1,0,0,0,0,0,0,0,0,0,0,0,0,0,0,0,0,1,1,1,1,1,0,0,0,0,0,0,0,0,0,1,1,1,1,1,0,0,0,0,0,0,0,0,0,0,0,0,1,1,1,1,
1,1,1,1,1,1,1,1,1,1,1,1,1,1,1,1,1,1,1,1,1,1,0,0,0,0,1,1,1,1,1,1,1,1,1,1,1,1,1,1,1,1,1,1,1,1,1,1,1,1,1,1,1,1,0,0,0,0,0,0,0,0,0,0,0,0,1,1,1,1,
1,1,1,1,1,1,1,1,1,1,1,1,1,1,1,1,1,1,1,1,1,1,1,0,0,0,1,1,1,1,1,1,1,1,1,1,1,1,1,1,1,1,1,1,1,1,1,1,1,1,1,1,1,1,0,0,0,0,0,0,0,0,0,0,0,0,1,1,1,1,
1,1,1,1,1,1,1,1,1,1,1,1,1,1,1,1,1,1,1,1,1,1,1,1,0,0,1,1,1,1,1,1,1,1,1,1,1,1,1,1,1,1,1,1,1,1,1,1,1,1,1,1,1,1,0,0,0,0,0,0,0,0,0,0,0,0,1,1,1,1,
1,1,1,1,1,1,1,1,1,1,1,1,1,1,1,1,1,1,1,1,1,1,1,1,0,0,0,1,1,1,1,1,1,1,1,1,1,1,1,1,1,1,1,1,1,1,1,1,1,1,1,1,1,1,0,0,0,0,0,0,0,0,0,0,0,0,1,1,1,1,
1,1,1,1,1,1,1,1,1,1,1,1,1,1,1,1,1,1,1,1,1,1,1,1,0,0,0,1,1,1,1,1,1,1,1,1,1,1,1,1,1,1,1,1,1,1,1,1,1,1,1,1,1,1,0,0,0,0,0,0,0,0,0,0,0,0,1,1,1,1,
1,1,0,0,0,0,0,0,0,1,1,1,1,1,0,0,0,0,0,0,0,0,0,0,0,0,0,0,0,0,1,1,1,1,1,0,0,0,0,0,0,0,0,0,0,0,0,0,0,0,1,1,1,1,0,0,0,0,0,0,0,0,0,0,0,0,1,1,1,1,
1,1,0,0,0,0,0,0,0,1,1,1,1,1,0,0,0,0,0,0,0,0,0,0,0,0,0,0,0,0,1,1,1,1,1,0,0,0,0,0,0,0,0,0,0,0,0,0,0,0,1,1,1,1,0,0,0,0,0,0,0,0,0,0,0,0,1,1,1,1,
1,1,0,0,0,0,0,0,0,1,1,1,1,1,0,0,0,0,0,0,0,0,0,0,0,0,0,0,0,0,1,1,1,1,1,0,0,0,0,0,0,0,0,0,0,0,0,0,0,0,0,1,1,1,0,0,0,0,0,0,0,0,0,0,0,0,1,1,1,1,
1,1,0,0,0,0,0,0,0,1,1,1,1,1,0,0,0,0,0,0,0,0,0,0,0,0,0,0,0,0,1,1,1,1,1,0,0,0,0,0,0,0,0,0,0,0,0,0,0,0,0,0,0,0,0,0,0,0,0,0,0,0,0,0,0,0,1,1,1,1,
1,1,0,0,0,0,0,0,0,1,1,1,1,1,0,0,0,0,0,0,0,0,0,0,0,0,0,0,0,0,1,1,1,1,1,0,0,0,0,0,0,0,0,0,0,0,0,0,0,1,1,1,0,0,0,0,0,0,0,0,0,0,0,0,0,0,1,1,1,1,
1,1,0,0,0,0,0,0,0,0,1,1,1,1,0,0,0,0,0,0,0,0,0,0,0,0,0,0,0,0,1,1,1,1,1,0,0,0,0,0,0,0,0,0,0,0,0,0,0,1,1,1,1,0,0,0,0,0,0,0,0,0,0,0,0,0,1,1,1,1,
1,1,0,0,0,0,0,0,0,0,0,1,1,1,0,0,0,0,0,0,0,0,0,0,0,0,0,0,0,0,1,1,1,1,1,0,0,0,0,0,0,0,0,0,0,0,0,0,0,1,1,1,1,1,0,0,0,0,0,0,0,0,0,0,0,0,1,1,1,1,
1,1,0,0,0,0,0,0,0,0,0,0,0,0,0,0,0,0,0,0,0,0,0,0,0,0,0,0,0,0,1,1,1,1,1,0,0,0,0,0,0,0,0,0,0,0,0,0,0,1,1,1,1,1,0,0,0,0,0,0,0,0,0,0,0,0,1,1,1,1,
1,1,0,0,0,0,0,0,0,0,0,0,0,0,0,0,0,0,0,0,0,0,0,0,0,0,0,0,0,0,1,1,1,1,1,0,0,0,0,0,0,0,0,0,1,1,1,1,1,1,1,1,1,1,1,0,0,0,0,0,1,1,1,1,1,1,1,1,1,1,
1,1,0,0,0,0,0,0,0,0,1,1,0,0,0,0,0,0,0,0,0,0,0,0,0,0,0,0,0,0,1,1,1,1,1,0,0,0,0,0,0,0,0,0,1,1,1,1,1,1,1,1,1,1,1,1,0,0,0,0,1,1,1,1,1,1,1,1,1,1,
1,1,0,0,0,0,0,0,0,1,1,1,1,1,0,0,0,0,0,0,0,0,0,0,0,0,0,0,0,0,1,1,1,1,1,0,0,0,0,0,0,0,0,0,1,1,1,1,1,1,1,1,1,1,1,1,1,0,0,0,1,1,1,1,1,1,1,1,1,1,
1,1,1,1,1,1,1,1,1,1,1,1,1,1,0,0,0,0,0,0,0,0,0,0,0,0,0,0,0,0,1,1,1,1,1,0,0,0,0,0,0,0,0,0,1,1,1,1,1,1,1,1,1,1,1,1,1,0,0,0,1,1,1,1,1,1,1,1,1,1,
1,1,1,1,1,1,1,1,1,1,1,1,1,1,0,0,0,0,0,0,0,0,0,0,0,0,0,0,0,0,1,1,1,1,1,0,0,0,0,0,0,0,0,0,1,1,1,1,1,1,1,1,1,1,1,1,1,0,0,0,0,1,1,1,1,1,1,1,1,1,
1,1,1,1,1,1,1,1,1,1,1,1,1,1,0,0,0,0,0,0,0,0,0,0,0,0,0,0,0,0,1,1,1,1,1,0,0,0,0,0,0,0,0,0,1,1,1,1,1,0,0,0,0,0,0,0,0,0,0,0,0,0,0,0,0,0,1,1,1,1,
1,1,1,1,1,1,1,1,1,1,1,1,1,1,0,0,0,0,0,0,0,0,0,0,0,0,0,0,0,0,1,1,1,1,1,0,0,0,0,0,0,0,0,0,1,1,1,1,1,0,0,0,0,0,0,0,0,0,0,0,0,0,0,0,0,0,1,1,1,1,
1,1,1,1,1,1,1,1,1,1,1,1,1,1,0,0,0,0,0,0,0,0,0,0,0,0,0,0,0,0,1,1,1,1,1,0,0,0,0,0,0,0,0,0,1,1,1,1,1,0,0,0,0,0,0,0,0,0,0,0,0,0,0,0,0,0,1,1,1,1,
1,1,0,0,0,0,0,0,0,1,1,1,1,1,0,0,0,0,0,0,0,0,0,0,0,0,0,0,0,0,1,1,1,1,1,0,0,0,0,0,0,0,0,0,1,1,1,1,1,0,0,0,0,0,0,0,0,0,0,0,0,0,0,0,0,0,1,1,1,1,
1,1,0,0,0,0,0,0,0,1,1,1,1,1,0,0,0,0,0,0,0,0,0,0,0,0,0,0,0,0,1,1,1,1,1,0,0,0,0,0,0,0,0,0,1,1,1,1,1,0,0,0,0,0,0,0,0,0,0,0,0,0,0,0,0,0,1,1,1,1,
1,1,0,0,0,0,0,0,0,1,1,1,1,1,0,0,0,0,0,0,0,0,0,0,0,0,0,0,0,0,1,1,1,1,1,0,0,0,0,0,0,0,0,0,1,1,1,1,1,0,0,0,0,0,0,0,0,0,0,0,0,0,0,0,0,0,1,1,1,1,
1,1,0,0,0,0,0,0,0,0,1,1,1,1,0,0,0,0,0,0,0,0,0,0,0,0,0,0,0,0,1,1,1,1,1,0,0,0,0,0,0,0,0,0,1,1,1,1,1,0,0,0,0,0,0,0,0,0,0,0,0,0,0,0,0,0,1,1,1,1,
1,1,0,0,0,0,0,0,0,0,0,1,1,1,0,0,0,0,0,0,0,0,0,0,0,0,0,0,0,0,1,1,1,1,1,0,0,0,0,0,0,0,0,0,1,1,1,1,1,0,0,0,0,0,0,0,0,0,0,0,0,0,0,0,0,0,1,1,1,1,
1,1,0,0,0,0,0,0,0,0,0,0,0,0,0,0,0,0,0,0,0,0,0,0,0,0,0,0,0,0,1,1,1,1,1,0,0,0,0,0,0,0,0,0,1,1,1,1,1,0,0,0,0,0,0,0,0,0,0,0,0,0,0,0,0,0,1,1,1,1,
1,1,0,0,0,0,0,0,0,1,1,1,0,0,0,0,0,0,0,0,0,0,0,0,0,0,0,0,0,0,1,1,1,1,1,1,0,0,0,0,0,1,1,1,1,1,1,1,1,0,0,0,0,0,0,0,0,0,0,0,0,0,0,0,0,0,1,1,1,1,
1,1,0,0,0,0,0,0,0,1,1,1,1,0,0,0,0,0,0,0,0,0,0,0,0,0,0,0,0,0,1,1,1,1,1,1,1,0,0,0,0,1,1,1,1,1,1,1,1,0,0,0,0,0,0,0,0,0,0,0,0,0,0,0,0,0,1,1,1,1,
1,1,0,0,0,0,0,0,0,1,1,1,1,1,0,0,0,0,0,0,0,0,0,0,0,0,0,0,0,0,1,1,1,1,1,1,1,1,0,0,0,1,1,1,1,1,1,1,1,0,0,0,0,0,0,0,0,0,0,0,0,0,0,0,0,0,1,1,1,1,
1,1,0,0,0,0,0,0,0,1,1,1,1,1,0,0,0,0,0,0,0,0,0,0,0,0,0,0,0,0,1,1,1,1,1,1,1,1,0,0,0,1,1,1,1,1,1,1,1,0,0,0,0,0,0,0,0,0,0,0,0,0,0,0,0,0,1,1,1,1,
1,1,0,0,0,0,0,0,0,1,1,1,1,1,0,0,0,0,0,0,0,0,0,0,0,0,0,0,0,0,1,1,1,1,1,1,1,1,0,0,0,0,1,1,1,1,1,1,1,0,0,0,0,0,0,0,0,0,0,0,0,0,0,0,0,0,1,1,1,1,
1,1,1,1,1,1,1,1,1,1,1,1,1,1,1,1,1,1,1,1,1,1,1,1,0,0,0,0,1,1,1,1,1,1,1,0,0,0,0,0,0,0,0,0,1,1,1,1,1,0,0,0,0,0,0,0,0,0,0,0,0,0,0,0,0,0,1,1,1,1,
1,1,1,1,1,1,1,1,1,1,1,1,1,1,1,1,1,1,1,1,1,1,1,1,1,0,0,0,1,1,1,1,1,1,1,0,0,0,0,0,0,0,0,0,1,1,1,1,1,0,0,0,0,0,0,0,0,0,0,0,0,0,0,0,0,0,1,1,1,1,
1,1,1,1,1,1,1,1,1,1,1,1,1,1,1,1,1,1,1,1,1,1,1,1,1,1,0,0,1,1,1,1,1,1,1,0,0,0,0,0,0,0,0,0,1,1,1,1,1,0,0,0,0,0,0,0,0,0,0,0,0,0,0,0,0,0,1,1,1,1,
1,1,1,1,1,1,1,1,1,1,1,1,1,1,1,1,1,1,1,1,1,1,1,1,1,1,0,0,1,1,1,1,1,1,1,0,0,0,0,0,0,0,0,0,1,1,1,1,1,0,0,0,0,0,0,0,0,0,0,0,0,0,0,0,0,0,1,1,1,1,
1,1,1,1,1,1,1,1,1,1,1,1,1,1,1,1,1,1,1,1,1,1,1,1,1,1,0,0,0,1,1,1,1,1,1,0,0,0,0,0,0,0,0,0,1,1,1,1,1,0,0,0,0,0,0,0,0,0,0,0,0,0,0,0,0,0,1,1,1,1,
1,1,0,0,0,0,0,0,0,0,0,0,0,0,0,0,0,0,0,1,1,1,1,0,0,0,0,0,0,0,0,0,0,0,0,0,0,0,0,0,0,0,0,0,1,1,1,1,1,0,0,0,0,0,0,0,0,0,0,0,0,0,0,0,0,0,1,1,1,1,
1,1,0,0,0,0,0,0,0,0,0,0,0,0,0,0,0,0,0,0,1,1,1,0,0,0,0,0,0,0,0,0,0,0,0,0,0,0,0,0,0,0,0,0,1,1,1,1,1,0,0,0,0,0,0,0,0,0,0,0,0,0,0,0,0,0,1,1,1,1,
1,1,0,0,0,0,0,0,0,0,0,0,0,0,0,0,0,0,0,0,0,0,0,0,0,0,0,0,0,0,0,0,0,0,0,0,0,0,0,0,0,0,0,0,1,1,1,1,1,0,0,0,0,0,0,0,0,0,0,0,0,0,0,0,0,0,1,1,1,1,
1,1,0,0,0,0,0,0,0,0,0,0,0,0,0,0,0,0,1,1,1,0,0,0,0,0,0,0,0,0,0,0,0,0,0,0,0,0,0,0,0,0,0,0,1,1,1,1,1,0,0,0,0,0,0,0,0,0,0,0,0,0,0,0,0,0,1,1,1,1,
1,1,0,0,0,0,0,0,0,0,0,0,0,0,0,0,0,0,1,1,1,1,0,0,0,0,0,0,0,0,0,0,0,0,0,0,0,0,0,0,0,0,0,0,1,1,1,1,1,0,0,0,0,0,0,0,0,0,0,0,0,0,0,0,0,0,1,1,1,1,
1,1,1,1,1,1,1,1,1,1,1,1,1,1,1,1,1,1,1,1,1,1,1,1,1,1,1,1,1,1,1,1,1,1,1,1,1,1,1,1,1,1,1,1,1,1,1,1,1,1,1,1,1,1,1,1,1,1,1,1,1,1,1,1,1,1,1,1,1,1,
1,1,1,1,1,1,1,1,1,1,1,1,1,1,1,1,1,1,1,1,1,1,1,1,1,1,1,1,1,1,1,1,1,1,1,1,1,1,1,1,1,1,1,1,1,1,1,1,1,1,1,1,1,1,1,1,1,1,1,1,1,1,1,1,1,1,1,1,1,1,
1,1,1,1,1,1,1,1,1,1,1,1,1,1,1,1,1,1,1,1,1,1,1,1,1,1,1,1,1,1,1,1,1,1,1,1,1,1,1,1,1,1,1,1,1,1,1,1,1,1,1,1,1,1,1,1,1,1,1,1,1,1,1,1,1,1,1,1,1,1,
1,1,1,1,1,1,1,1,1,1,1,1,1,1,1,1,1,1,1,1,1,1,1,1,1,1,1,1,1,1,1,1,1,1,1,1,1,1,1,1,1,1,1,1,1,1,1,1,1,1,1,1,1,1,1,1,1,1,1,1,1,1,1,1,1,1,1,1,1,1,
1,1,1,1,1,1,1,1,1,1,1,1,1,1,1,1,1,1,1,1,1,1,1,1,1,1,1,1,1,1,1,1,1,1,1,1,1,1,1,1,1,1,1,1,1,1,1,1,1,1,1,1,1,1,1,1,1,1,1,1,1,1,1,1,1,1,1,1,1,1,
0,0,0,0,0,0,0,0,0,0,0,0,0,0,0,0,0,0,0,0,0,0,0,0,0,0,0,0,0,0,0,0,0,0,0,0,0,0,0,0,0,0,0,0,0,0,0,0,0,0,0,0,0,0,0,0,0,0,0,0,0,0,0,0,0,0,0,0,0,0,
0,0,0,0,0,0,0,0,0,0,0,0,0,0,0,0,0,0,0,0,0,0,0,0,0,0,0,0,0,0,0,0,0,0,0,0,0,0,0,0,0,0,0,0,0,0,0,0,0,0,0,0,0,0,0,0,0,0,0,0,0,0,0,0,0,0,0,0,0,0,
0,0,0,0,0,0,0,0,0,0,0,0,0,0,0,0,0,0,0,0,0,0,0,0,0,0,0,0,0,0,0,0,0,0,0,0,0,0,0,0,0,0,0,0,0,0,0,0,0,0,0,0,0,0,0,0,0,0,0,0,0,0,0,0,0,0,0,0,0,0,
0,0,0,0,0,0,0,0,0,0,0,0,0,0,0,0,0,0,0,0,0,0,0,0,0,0,0,0,0,0,0,0,0,0,0,0,0,0,0,0,0,0,0,0,0,0,0,0,0,0,0,0,0,0,0,0,0,0,0,0,0,0,0,0,0,0,0,0,0,0,
0,0,0,0,0,0,0,0,0,0,0,0,0,0,0,0,0,0,0,0,0,0,0,0,0,0,0,0,0,0,0,0,0,0,0,0,0,0,0,0,0,0,0,0,0,0,0,0,0,0,0,0,0,0,0,0,0,0,0,0,0,0,0,0,0,0,0,0,0,0,
0,0,0,0,0,0,0,0,0,0,0,0,0,0,0,0,0,0,0,0,0,0,0,0,0,0,0,0,0,0,0,0,0,0,0,0,0,0,0,0,0,0,0,0,0,0,0,0,0,0,0,0,0,0,0,0,0,0,0,0,0,0,0,0,0,0,0,0,0,0,
0,0,0,0,0,0,0,0,0,0,0,0,0,0,0,0,0,0,0,0,0,0,0,0,0,0,0,0,0,0,0,0,0,0,0,0,0,0,0,0,0,0,0,0,0,0,0,0,0,0,0,0,0,0,0,0,0,0,0,0,0,0,0,0,0,0,0,0,0,0,
0,0,0,0,0,0,0,0,0,0,0,0,0,0,0,0,0,0,0,0,0,0,0,0,0,0,0,0,0,0,0,0,0,0,0,0,0,0,0,0,0,0,0,0,0,0,0,0,0,0,0,0,0,0,0,0,0,0,0,0,0,0,0,0,0,0,0,0,0,0,
0,0,0,0,0,0,0,0,0,0,0,0,0,0,0,0,0,0,0,0,0,0,0,0,0,0,0,0,0,0,0,0,0,0,0,0,0,0,0,0,0,0,0,0,0,0,0,0,0,0,0,0,0,0,0,0,0,0,0,0,0,0,0,0,0,0,0,0,0,0,
0,0,0,0,0,0,0,0,0,0,0,0,0,0,0,0,0,0,0,0,0,0,0,0,0,0,0,0,0,0,0,0,0,0,0,0,0,0,0,0,0,0,0,0,0,0,0,0,0,0,0,0,0,0,0,0,0,0,0,0,0,0,0,0,0,0,0,0,0,0,
0,0,0,0,0,0,0,0,0,0,0,0,0,0,0,0,0,0,0,0,0,0,0,0,0,0,0,0,0,0,0,0,0,0,0,0,0,0,0,0,0,0,0,0,0,0,0,0,0,0,0,0,0,0,0,0,0,0,0,0,0,0,0,0,0,0,0,0,0,0

[event]
# to Thug Camp
type=event
location=4,39,1,2
activate=on_trigger
hotspot=location
intermap=maps/04_thug_camp.txt,31,31
soundfx=soundfx/door_open.ogg,0,0
tooltip=Thug Camp

[event]
# Wind sound
type=event
location=0,0,1,1
activate=on_load
soundfx=soundfx/environment/cave_wind_loop.ogg

[enemy]
type=enemy
location=19,36,5,5
category=brute
level=2
number=1

[enemy]
type=enemy
location=16,26,5,5
category=archer
level=2
number=1

[enemy]
type=enemy
location=23,28,5,5
category=mage
level=2
number=1

[enemy]
type=enemy
location=3,19,5,5
category=brute
level=2
number=1

[enemy]
type=enemy
location=4,4,5,5
category=archer
level=2
number=1

[enemy]
type=enemy
location=37,47,5,5
category=mage
level=2
number=1

[enemy]
type=enemy
location=5,50,5,5
category=mage
level=2
number=1

[enemy]
type=enemy
location=13,50,5,5
category=brute
level=2
number=1

[enemy]
type=enemy
location=37,20,5,5
category=mage
level=2
number=1

[enemy]
type=enemy
location=37,31,5,5
category=archer
level=2
number=1

[enemy]
type=enemy
location=44,18,5,5
category=brute
level=2
number=1

[enemy]
type=enemy
location=22,4,5,5
category=brute
level=2
number=1

[enemy]
type=enemy
location=43,5,5,5
category=brute
level=2
number=1

[enemy]
type=enemy
location=57,6,5,5
category=archer
level=2
number=1

[enemy]
type=enemy
location=50,38,4,5
category=archer
level=2
number=1

[enemy]
type=enemy
location=59,46,5,5
category=archer
level=2
number=1

[enemy]
type=enemy
location=58,16,5,5
category=brute
level=2
number=1

[enemy]
type=enemy
location=59,38,5,5
category=mage
level=2
number=1

[enemy]
type=enemy
location=50,46,5,5
category=mage
level=2
number=1

[enemy]
type=enemy
location=60,31,5,5
category=brute
level=2
number=1

[enemy]
type=enemy
location=50,30,5,5
category=brute
level=2
number=1

[npc]
# Water Supply
type=npc
location=55,44,1,1
filename=npcs/water_supply.txt

