[header]
width=80
height=80
tilewidth=64
tileheight=32
orientation=isometric
background_color=0,0,0,255
hero_pos=40,76
music=music/cave_theme.ogg
tileset=tilesetdefs/tileset_cave.txt
title=Dark Cave

[tilesets]
tileset=../../../tiled/cave/tiled_collision.png,64,32,0,0
tileset=../../../tiled/cave/tiled_cave.png,64,128,0,0
tileset=../../../tiled/cave/set_rules.png,64,32,0,0
tileset=../../../tiled/cave/tiled_cave_2x2.png,128,64,0,16

[layer]
type=background
data=
0,0,0,0,0,0,0,0,0,0,0,0,0,0,0,0,0,0,0,0,0,0,0,0,0,0,0,0,0,0,0,0,0,0,0,0,0,0,0,0,0,0,0,0,0,0,0,0,0,0,0,0,0,0,0,0,0,0,0,0,0,0,0,0,0,0,0,0,0,0,0,0,0,0,0,0,0,0,0,0,
0,0,0,0,0,0,0,0,0,0,0,0,0,0,0,0,0,0,0,0,0,0,0,0,0,0,0,0,0,0,0,0,0,0,0,0,0,0,0,0,0,0,0,0,0,0,0,0,0,0,0,0,0,0,0,0,0,0,0,0,0,0,0,0,0,0,0,0,0,0,0,0,0,0,0,0,0,0,0,0,
0,0,0,0,0,0,0,0,0,0,0,0,0,0,0,0,0,0,0,0,0,0,0,0,0,0,0,0,0,0,0,0,0,0,0,0,0,0,0,0,0,0,0,0,0,0,0,0,0,0,0,0,0,0,0,0,0,0,0,0,0,0,0,0,0,0,0,0,0,0,0,0,0,0,0,0,0,0,0,0,
0,0,0,0,0,0,0,0,0,0,0,0,0,0,0,0,0,0,0,0,0,0,0,0,0,0,0,0,0,0,0,0,0,0,0,0,0,0,0,0,0,0,0,0,0,0,0,0,0,0,0,0,0,0,0,0,0,0,0,0,0,0,0,0,0,0,0,0,0,0,0,0,0,0,0,0,0,0,0,0,
0,0,0,0,0,0,0,0,0,0,0,0,0,0,0,0,0,0,0,0,0,0,0,0,0,0,0,0,0,0,0,0,0,0,0,0,0,23,23,20,20,0,0,0,0,0,0,0,0,0,0,0,0,0,0,0,0,0,0,0,0,0,0,0,0,0,0,0,0,0,0,0,0,0,0,0,0,0,0,0,
0,0,0,0,0,0,0,0,0,0,0,0,0,0,0,0,0,0,0,0,0,0,0,0,0,0,0,0,0,0,0,0,0,0,23,23,23,23,23,23,23,23,23,0,0,0,0,0,0,0,0,0,0,0,0,0,0,0,0,0,0,0,0,0,0,0,0,0,0,0,0,0,0,0,0,0,0,0,0,0,
0,0,0,0,0,0,0,0,0,0,0,0,0,0,0,0,0,0,0,0,0,0,23,0,0,0,0,20,20,0,0,23,23,0,23,23,16,16,16,23,23,23,23,23,23,20,20,21,0,0,0,0,0,0,0,0,0,0,0,0,0,0,0,0,0,0,0,0,0,0,0,0,0,0,0,0,0,0,0,0,
0,0,0,0,0,0,0,0,0,0,0,0,0,0,0,0,0,23,20,20,16,17,23,23,16,17,23,23,20,20,0,16,16,16,16,16,23,23,23,16,16,16,16,23,23,23,23,20,20,0,0,0,0,0,0,0,0,0,0,0,0,0,0,0,0,0,0,0,0,0,0,0,0,0,0,0,0,0,0,0,
0,0,0,0,0,0,0,0,0,0,0,0,23,23,0,0,23,23,23,20,20,16,17,23,20,16,17,23,23,20,20,23,23,23,23,23,20,20,20,23,23,23,23,16,16,23,23,23,23,20,0,0,0,0,0,0,0,0,0,0,0,0,0,0,0,0,0,0,0,0,0,0,0,0,0,0,0,0,0,0,
0,0,0,0,0,0,0,0,0,0,0,0,23,23,23,17,17,17,23,23,20,20,16,17,23,23,21,17,23,23,20,20,20,20,20,20,20,20,20,20,20,20,20,23,23,16,16,23,23,23,23,0,0,0,0,0,0,0,0,0,0,0,0,0,0,0,0,0,0,0,0,0,0,0,0,0,0,0,0,0,
0,0,0,0,0,0,0,0,0,0,0,23,17,17,17,16,16,16,17,23,23,20,20,23,20,23,23,23,21,23,23,20,20,20,20,20,23,23,23,20,20,20,20,20,20,23,23,16,16,23,23,23,0,0,0,0,0,0,0,0,0,0,0,0,0,0,0,0,0,0,0,0,0,0,0,0,0,0,0,0,
0,0,0,0,0,0,0,0,0,0,23,17,16,16,16,20,20,20,16,17,23,23,20,20,23,23,20,23,23,23,21,23,23,23,23,23,21,21,21,23,23,23,23,20,20,20,20,23,23,16,16,23,23,0,0,0,0,0,0,0,0,0,0,0,0,0,0,0,0,0,0,0,0,0,0,0,0,0,0,0,
0,0,0,0,0,0,0,0,0,23,17,16,20,20,20,23,23,23,23,21,17,23,23,20,23,23,23,20,23,23,23,21,21,21,21,21,21,23,21,21,21,21,21,23,23,20,20,20,20,23,23,16,23,23,20,17,23,23,0,0,0,0,0,0,0,0,0,0,0,0,0,0,0,0,0,0,0,0,0,0,
0,0,0,0,0,0,0,0,0,17,16,20,23,23,23,20,20,20,23,23,23,21,23,23,20,20,16,17,23,23,23,23,23,23,23,23,23,23,20,23,23,23,21,21,21,23,23,20,20,20,20,23,16,23,23,20,20,23,23,0,0,0,0,0,0,0,0,0,0,0,0,0,0,0,0,0,0,0,0,0,
0,0,0,0,0,0,0,0,17,16,20,23,20,20,20,23,23,23,23,20,23,23,23,21,23,20,20,16,17,23,23,23,23,23,23,23,23,23,0,0,20,23,23,23,21,21,21,23,23,20,20,20,23,16,23,23,23,20,23,20,16,0,0,0,0,0,0,0,0,0,0,0,0,0,0,0,0,0,0,0,
0,0,0,0,0,0,0,0,16,20,23,20,23,23,23,23,23,23,23,23,20,23,23,23,21,23,20,20,23,16,23,23,23,23,23,23,23,23,16,0,0,23,20,23,23,23,21,21,21,23,23,20,20,23,16,23,23,23,20,23,20,16,0,0,0,0,0,0,0,0,0,0,0,0,0,0,0,0,0,0,
0,0,0,0,0,0,0,16,20,23,20,23,23,23,23,23,23,23,23,23,20,23,23,23,21,23,23,20,20,23,24,24,24,20,20,20,16,16,28,24,0,0,23,23,20,23,23,23,21,21,21,23,20,20,0,16,16,23,23,20,20,23,16,0,0,0,0,0,0,0,0,0,0,0,0,0,0,0,0,0,
0,0,0,0,0,0,0,20,23,20,23,23,23,23,23,20,23,23,23,23,23,20,23,23,21,17,23,23,20,20,28,28,28,24,24,24,20,20,16,28,0,0,0,0,23,0,20,23,0,0,21,21,23,0,0,0,23,16,23,23,23,20,23,23,16,0,0,0,0,0,0,0,0,0,0,0,0,0,0,0,
0,0,0,0,0,0,0,23,20,23,23,23,23,23,20,23,23,23,21,16,23,23,20,0,0,0,0,0,0,0,0,0,0,28,0,28,24,24,20,16,0,0,0,0,0,0,0,0,0,0,0,0,0,0,0,0,20,23,16,23,23,23,20,20,23,16,0,0,0,0,0,0,0,0,0,0,0,0,0,0,
0,0,0,0,0,0,0,20,23,23,23,23,23,20,23,23,23,21,16,28,28,23,0,0,0,0,0,0,0,0,0,0,0,0,0,0,28,28,24,20,20,16,0,0,0,0,0,0,0,0,0,0,0,0,0,20,20,20,23,16,16,23,20,20,20,23,16,0,0,0,0,0,0,0,0,0,0,0,0,0,
0,0,0,0,0,0,0,0,23,23,23,23,20,23,23,23,21,20,23,16,16,16,0,0,0,20,23,23,23,0,0,0,0,0,0,0,16,16,28,24,24,20,16,16,0,0,0,0,0,0,0,0,0,0,0,23,23,20,20,23,23,16,23,23,20,20,23,23,0,0,0,0,0,0,0,0,0,0,0,0,
0,0,0,0,0,0,23,23,23,23,23,20,23,23,23,21,20,23,23,23,23,20,0,0,0,24,20,16,16,17,0,0,0,0,0,0,0,23,16,28,28,24,20,20,16,16,16,0,0,0,0,0,0,0,0,0,21,23,20,20,20,23,21,21,23,20,20,23,20,0,0,0,0,0,0,0,0,0,0,0,
0,0,0,0,0,0,23,23,23,23,20,23,23,23,21,23,23,23,23,21,21,21,20,0,0,28,24,20,20,21,20,0,0,0,0,0,0,20,16,16,16,28,24,24,20,20,20,20,24,0,0,0,0,0,0,0,21,21,23,20,20,20,23,21,21,23,20,16,20,21,0,0,0,0,0,0,0,0,0,0,
0,0,0,0,0,0,23,23,23,20,23,23,23,21,23,16,23,23,20,20,21,21,21,23,23,16,28,24,24,25,20,20,0,0,0,0,0,23,27,24,22,16,28,28,24,24,24,24,28,16,16,23,0,0,0,0,23,23,21,23,23,20,23,23,21,21,23,23,23,20,0,0,0,0,0,0,0,0,0,0,
0,0,0,0,0,0,23,23,23,20,23,23,23,21,20,23,23,23,23,23,20,20,21,21,21,24,16,28,28,29,23,20,20,0,0,0,0,23,21,27,24,27,16,16,28,28,28,28,16,17,23,23,23,0,0,0,0,23,23,21,21,23,23,23,23,21,21,20,23,20,0,0,0,0,0,0,0,0,0,0,
0,0,0,0,0,0,23,23,23,20,23,23,23,21,20,20,23,23,23,23,23,23,20,21,21,21,16,16,16,17,23,23,20,20,0,0,0,23,20,21,20,20,23,23,16,16,16,16,17,23,23,20,20,23,0,0,0,20,23,23,23,21,20,23,23,23,21,20,16,23,0,0,0,0,0,0,0,0,0,0,
0,0,0,0,0,0,0,23,23,20,23,23,23,21,23,20,23,20,23,23,23,23,23,20,20,21,21,21,20,20,20,20,20,20,0,0,0,23,20,20,23,23,23,23,23,23,23,20,23,23,23,20,21,27,23,23,0,0,23,23,23,23,20,23,23,23,21,23,23,23,0,0,0,0,0,0,0,0,0,0,
0,0,0,0,0,0,0,23,23,23,20,23,23,23,21,23,23,23,20,20,23,23,23,23,23,20,21,21,21,21,24,24,24,24,0,0,16,17,23,23,20,20,23,23,23,23,23,23,20,23,23,23,20,27,23,23,23,0,17,23,23,23,20,23,23,23,21,21,20,16,23,0,0,0,0,0,0,0,0,0,
0,0,0,0,0,0,0,23,23,23,20,23,23,23,21,21,23,23,23,23,20,20,23,23,23,23,20,20,21,21,28,28,28,28,28,0,24,16,17,23,23,20,20,23,23,23,23,23,23,20,23,23,23,27,23,23,23,23,0,16,23,23,23,20,23,23,23,21,20,23,23,20,20,0,0,0,0,0,0,0,
0,0,0,0,0,0,23,23,23,23,20,23,23,23,21,23,0,0,0,23,23,23,20,23,23,23,23,23,20,20,21,21,21,16,0,0,0,28,16,17,23,23,20,20,23,23,23,23,23,23,20,23,23,21,27,23,23,23,0,16,23,23,23,20,23,23,23,21,23,20,16,23,23,21,0,0,0,0,0,0,
0,0,0,0,0,16,23,23,23,20,23,23,23,21,20,23,23,0,0,0,23,23,23,20,20,23,23,23,23,23,21,21,21,21,0,0,0,0,28,16,17,23,23,20,20,23,23,0,23,23,23,20,23,20,20,27,23,23,0,23,16,23,23,23,20,23,23,23,21,20,23,23,20,20,21,0,0,0,0,0,
0,0,0,0,0,20,23,23,23,20,23,23,23,21,23,20,20,0,0,0,23,23,23,23,23,20,23,23,23,23,20,20,20,21,0,0,0,0,16,16,16,17,23,23,20,20,23,0,0,0,23,23,20,23,23,20,21,28,0,0,20,23,23,23,20,23,23,23,21,23,20,16,23,23,21,21,0,0,0,0,
0,0,0,0,0,23,23,23,23,20,23,23,23,21,20,23,20,0,0,0,23,23,23,23,23,23,20,20,23,23,23,23,23,20,0,0,0,0,21,20,16,16,17,23,23,20,20,0,0,0,0,23,23,23,23,23,20,21,26,0,24,23,23,23,20,23,23,23,21,21,20,23,23,20,20,21,0,0,0,0,
0,0,0,0,0,20,23,23,23,20,23,23,23,21,23,17,23,23,0,20,23,23,23,23,23,23,23,23,20,20,23,23,23,23,0,0,0,0,0,21,21,16,16,17,23,23,20,0,0,0,0,0,23,27,23,23,23,21,30,0,0,16,23,23,23,20,23,23,23,21,23,20,16,23,23,21,20,0,0,0,
0,0,0,0,0,23,23,23,23,20,23,23,23,21,23,20,17,23,0,0,20,23,23,23,23,23,23,23,23,23,23,23,23,23,0,0,0,0,0,21,21,28,16,16,17,23,23,20,0,0,0,0,0,27,23,23,23,20,18,19,0,20,23,23,23,20,23,23,23,21,21,20,23,23,20,21,23,0,0,0,
0,0,0,0,0,23,23,23,23,20,23,23,23,21,16,23,23,16,0,0,23,20,20,23,23,23,23,23,23,23,20,20,20,23,0,0,0,23,23,20,21,21,21,16,17,23,23,20,20,0,0,0,0,0,23,23,23,23,22,23,20,24,28,23,23,23,20,23,23,23,21,23,20,16,23,21,23,0,0,0,
0,0,0,0,0,0,23,23,20,23,23,23,21,23,23,23,23,0,0,0,0,23,23,20,20,23,23,23,23,23,23,23,23,20,23,23,23,23,23,23,20,21,21,21,21,21,20,23,20,0,0,0,0,0,27,23,23,23,26,27,24,28,16,23,23,23,20,23,23,23,21,21,20,23,23,21,23,0,0,0,
0,0,0,0,0,0,23,23,20,23,23,23,21,21,20,16,23,0,0,0,0,0,23,23,20,20,23,23,23,23,23,23,23,23,20,20,23,23,23,23,23,20,20,21,21,21,23,23,23,21,0,0,0,0,0,0,23,20,23,23,23,16,20,28,23,23,23,20,23,23,23,21,23,20,16,20,0,0,0,0,
0,0,0,0,0,0,0,23,23,20,23,23,23,21,20,23,23,0,0,0,0,0,17,23,23,20,20,23,23,23,0,23,23,23,23,23,20,20,20,23,23,23,23,20,20,21,21,21,23,23,0,0,0,0,0,0,23,23,21,21,21,21,24,16,23,23,23,20,23,23,23,21,21,20,23,23,0,0,0,0,
0,0,0,0,0,0,0,23,23,20,23,23,23,21,23,20,20,0,0,0,0,0,0,23,16,17,23,23,20,20,0,0,23,23,23,23,23,23,23,20,23,23,23,23,23,20,21,21,21,21,0,0,0,0,0,0,21,21,21,21,21,21,28,20,16,23,23,23,20,23,23,23,21,23,20,0,0,0,0,0,
0,0,0,0,0,0,0,23,23,23,20,23,23,23,21,20,23,0,0,0,0,0,0,17,23,16,17,23,23,20,20,0,23,23,23,23,23,23,23,23,20,23,23,23,23,23,20,20,21,21,0,0,0,0,0,0,21,21,21,20,20,20,16,24,23,23,23,23,23,20,23,23,23,21,0,0,0,0,0,0,
0,0,0,0,0,0,0,0,23,23,20,23,23,23,21,23,0,0,0,0,0,0,0,0,17,23,0,0,17,23,23,20,20,23,23,23,23,23,23,23,23,20,20,23,23,23,23,23,20,21,0,0,0,0,0,0,20,20,20,23,23,23,23,28,23,23,23,23,23,20,23,0,23,21,0,0,0,0,0,0,
0,0,0,0,0,0,0,0,23,23,20,23,23,23,21,21,16,0,0,0,0,0,0,0,0,0,0,0,20,20,16,17,23,23,20,20,23,23,23,23,23,23,23,20,20,23,23,23,23,20,0,0,0,0,0,0,23,23,20,23,23,23,21,16,17,23,23,23,23,20,0,0,0,0,0,0,0,0,0,0,
0,0,0,0,0,0,0,0,0,23,23,20,23,23,23,21,23,16,0,0,0,0,0,0,0,0,0,0,23,20,20,16,17,23,23,20,20,23,23,23,23,23,23,23,23,20,23,23,23,23,0,0,0,0,0,0,20,23,23,23,21,21,21,23,16,17,17,23,23,23,0,0,0,0,0,0,0,0,0,0,
0,0,0,0,0,0,0,0,0,23,23,20,23,23,23,21,20,23,23,0,0,0,0,0,0,0,0,17,23,23,20,20,16,17,23,23,20,20,23,23,23,23,23,23,23,23,20,20,23,23,0,0,0,0,0,0,23,23,21,21,21,21,20,20,20,16,16,23,23,23,20,0,0,0,0,0,0,0,0,0,
0,0,0,0,0,0,0,0,0,0,23,20,23,23,23,21,20,20,16,23,0,0,0,0,0,0,0,16,17,23,23,20,20,23,16,17,23,23,0,0,23,23,23,23,23,23,23,23,20,23,0,0,0,0,0,0,0,0,21,21,20,20,23,23,23,20,20,23,23,23,20,0,0,0,0,0,0,0,0,0,
0,0,0,0,0,0,0,0,0,0,23,20,23,23,23,21,23,20,23,16,23,23,20,0,0,23,21,20,16,17,23,23,20,20,23,23,16,17,23,0,0,0,23,23,23,23,23,23,23,20,0,0,0,0,0,0,0,0,20,20,23,23,23,23,20,23,23,23,23,23,20,0,0,0,0,0,0,0,0,0,
0,0,0,0,0,0,0,0,0,0,0,23,20,23,23,23,21,23,20,23,16,23,23,20,23,20,23,23,23,21,17,23,23,20,20,23,23,16,17,23,0,0,0,23,23,23,23,23,23,23,0,0,0,0,0,0,0,0,0,0,0,23,23,23,23,20,20,23,23,23,20,0,0,0,0,0,0,0,0,0,
0,0,0,0,0,0,0,0,0,0,0,0,23,20,23,23,23,21,20,20,23,16,23,23,20,23,23,20,23,23,23,21,23,23,20,20,23,23,23,16,0,0,0,0,20,23,23,23,23,23,23,0,0,0,0,0,0,0,0,0,0,0,0,23,23,23,23,23,23,23,20,0,0,0,0,0,0,0,0,0,
0,0,0,0,0,0,0,0,0,0,0,0,0,20,23,23,23,21,23,20,20,23,16,23,23,20,23,23,23,20,23,23,23,21,23,20,20,23,23,23,0,0,0,0,20,20,23,23,23,23,23,0,0,0,0,0,0,0,0,0,0,0,0,0,23,23,23,23,23,23,20,23,0,0,0,0,0,0,0,0,
0,0,0,0,0,0,0,0,0,0,0,0,0,0,20,23,23,23,21,23,20,20,23,16,23,23,20,23,23,23,20,23,23,23,21,20,20,23,23,23,0,0,0,0,0,23,20,20,23,23,23,23,0,0,0,0,0,0,0,0,0,0,0,0,0,23,23,20,23,23,23,20,0,0,0,0,0,0,0,0,
0,0,0,0,0,0,0,0,0,0,0,0,0,0,0,20,23,23,23,21,23,20,20,23,16,23,23,20,20,23,23,23,20,23,23,23,21,20,23,0,0,0,0,0,17,23,23,20,20,23,23,23,23,0,0,0,0,0,0,23,23,23,0,0,0,17,23,23,20,23,23,23,23,0,0,0,0,0,0,0,
0,0,0,0,0,0,0,0,0,0,0,0,0,0,0,23,20,23,23,23,21,23,20,20,23,16,23,20,23,20,23,23,23,20,23,23,23,21,0,0,0,0,0,0,0,17,23,23,20,20,23,23,23,0,0,0,20,23,23,23,17,23,23,20,20,16,17,23,23,20,23,23,20,23,0,0,0,0,0,0,
0,0,0,0,0,0,0,0,0,0,0,0,0,0,0,0,23,20,23,23,23,21,23,20,20,23,16,23,20,20,20,20,23,20,23,23,23,0,0,0,0,0,0,0,0,0,17,23,23,20,20,23,23,23,0,0,23,20,20,23,16,17,23,23,20,20,23,16,23,23,23,23,23,23,23,0,0,0,0,0,
0,0,0,0,0,0,0,0,0,0,0,0,0,0,0,0,23,23,20,23,23,23,21,23,20,20,23,23,23,20,23,23,0,0,0,0,0,0,0,0,0,0,0,0,0,0,0,17,23,23,20,20,23,23,23,23,23,23,23,20,20,16,17,23,23,20,20,23,16,23,23,23,23,20,23,23,0,0,0,0,
0,0,0,0,0,0,0,0,0,0,0,0,0,0,0,0,0,23,20,23,23,23,21,21,23,20,20,23,20,20,16,0,0,0,0,0,0,0,0,0,0,0,0,0,0,0,0,16,17,23,23,20,20,23,23,23,23,23,23,23,23,23,21,17,23,23,20,20,23,16,23,23,23,23,20,23,20,21,28,23,
0,0,0,0,0,0,0,0,0,0,0,0,0,0,0,0,0,0,23,23,20,23,23,23,21,23,20,23,23,20,0,0,0,0,23,17,0,0,0,0,20,0,0,0,0,0,0,27,16,17,23,23,20,20,23,23,23,23,23,23,20,23,23,23,21,23,23,20,20,23,23,23,23,23,23,20,23,20,21,23,
0,0,0,0,0,0,0,0,0,0,0,0,0,0,0,0,0,0,0,23,23,20,23,23,23,21,23,17,23,23,0,0,0,17,23,20,17,23,23,20,20,20,0,0,0,0,0,31,23,23,16,17,23,23,20,20,23,23,23,17,23,23,20,23,23,23,21,23,20,20,23,23,23,23,23,23,23,20,21,23,
0,0,0,0,0,0,0,0,0,0,0,0,0,0,0,0,0,0,0,23,23,23,20,23,23,23,21,16,17,23,0,0,0,23,16,23,20,16,17,23,23,20,23,23,0,0,0,19,27,23,23,16,17,23,23,20,23,23,17,16,23,23,23,20,23,23,23,21,23,20,23,23,23,23,23,23,20,21,28,23,
0,0,0,0,0,0,0,0,0,0,0,0,0,0,0,0,0,0,0,0,23,23,20,23,23,23,21,20,16,17,23,23,20,20,23,23,23,20,23,20,23,23,20,23,23,0,0,20,20,27,23,23,16,17,23,23,23,17,16,20,20,23,23,23,20,23,23,23,21,23,20,23,23,23,23,23,23,20,21,23,
0,0,0,0,0,0,0,0,0,0,0,0,0,0,0,0,0,0,0,0,0,23,23,20,23,23,23,23,23,21,17,23,23,20,20,16,23,23,20,23,20,17,23,23,20,25,26,23,20,20,27,23,23,23,23,23,17,16,20,23,23,23,23,23,23,20,23,23,23,21,23,23,20,21,27,24,23,20,21,23,
0,0,0,0,0,0,0,0,0,0,0,0,0,0,0,0,0,0,0,0,0,0,23,23,20,23,23,20,23,23,23,21,23,23,20,23,16,23,23,20,20,20,17,23,23,20,30,23,23,23,23,23,23,23,17,17,16,20,23,20,20,23,23,23,23,20,23,23,23,21,0,0,0,0,0,0,0,0,0,0,
0,0,0,0,0,0,0,0,0,0,0,0,0,0,0,0,0,0,0,0,0,0,0,23,23,20,23,23,23,20,23,23,23,21,23,20,23,16,23,23,23,20,20,16,17,23,23,23,23,23,23,17,17,17,16,16,20,23,20,23,23,23,23,23,20,23,23,23,0,0,0,0,0,0,0,0,0,0,0,0,
0,0,0,0,0,0,0,0,0,0,0,0,0,0,0,0,0,0,0,0,0,0,0,0,23,23,20,23,23,23,20,23,23,23,21,20,20,23,16,23,23,23,20,23,23,23,23,23,23,23,17,16,16,16,20,20,23,20,23,23,23,23,23,23,20,23,23,0,0,0,0,0,0,0,0,0,0,0,0,0,
0,0,0,0,0,0,0,0,0,0,0,0,0,0,0,0,0,0,0,0,0,0,0,0,0,0,23,23,23,23,20,23,23,23,21,23,20,20,23,16,16,23,23,23,23,23,23,23,17,17,16,20,20,20,23,23,20,23,23,23,23,23,20,23,0,0,0,0,0,0,0,0,0,0,0,0,0,0,0,0,
0,0,0,0,0,0,0,0,0,0,0,0,0,0,0,0,0,0,0,0,0,0,0,0,0,0,0,23,23,23,20,23,23,23,21,21,23,20,20,23,23,16,23,17,17,17,17,17,16,16,20,23,23,23,20,20,23,23,23,23,23,20,0,0,0,0,0,0,0,0,0,0,0,0,0,0,0,0,0,0,
0,0,0,0,0,0,0,0,0,0,0,0,0,0,0,0,0,0,0,0,0,0,0,0,0,0,0,0,0,23,23,20,23,23,23,21,21,23,20,20,20,23,16,16,16,16,16,16,20,20,23,20,20,20,23,23,23,23,23,23,20,0,0,0,0,0,0,0,0,0,0,0,0,0,0,0,0,0,0,0,
0,0,0,0,0,0,0,0,0,0,0,0,0,0,0,0,0,0,0,0,0,0,0,0,0,0,0,0,0,0,0,23,23,20,23,23,23,21,23,20,20,20,23,20,20,20,20,20,23,23,20,23,23,23,23,23,23,23,20,23,0,0,0,0,0,0,0,0,0,0,0,0,0,0,0,0,0,0,0,0,
0,0,0,0,0,0,0,0,0,0,0,0,0,0,0,0,0,0,0,0,0,0,0,0,0,0,0,0,0,0,0,0,0,20,23,23,23,21,21,23,23,20,20,23,23,23,23,23,20,20,23,23,23,23,23,23,20,23,23,23,0,0,0,0,0,0,0,0,0,0,0,0,0,0,0,0,0,0,0,0,
0,0,0,0,0,0,0,0,0,0,0,0,0,0,0,0,0,0,0,0,0,0,0,0,0,0,0,0,0,0,0,0,0,0,23,20,23,23,23,21,21,23,20,20,20,20,20,20,23,23,23,23,23,23,20,23,23,0,0,0,0,0,0,0,0,0,0,0,0,0,0,0,0,0,0,0,0,0,0,0,
0,0,0,0,0,0,0,0,0,0,0,0,0,0,0,0,0,0,0,0,0,0,0,0,0,0,0,0,0,0,0,0,0,0,0,23,20,23,23,23,21,21,23,23,23,23,23,23,23,23,23,23,23,20,23,23,0,0,0,0,0,0,0,0,0,0,0,0,0,0,0,0,0,0,0,0,0,0,0,0,
0,0,0,0,0,0,0,0,0,0,0,0,0,0,0,0,0,0,0,0,0,0,0,0,0,0,0,0,0,0,0,0,0,0,0,0,0,0,0,0,0,0,0,0,0,0,0,0,0,0,0,0,0,0,0,0,0,0,0,0,0,0,0,0,0,0,0,0,0,0,0,0,0,0,0,0,0,0,0,0,
0,0,0,0,0,0,0,0,0,0,0,0,0,0,0,0,0,0,0,0,0,0,0,0,0,0,0,0,0,0,0,0,0,0,0,0,0,0,0,0,0,0,0,0,0,0,0,0,0,0,0,0,0,0,0,0,0,0,0,0,0,0,0,0,0,0,0,0,0,0,0,0,0,0,0,0,0,0,0,0,
0,0,0,0,0,0,0,0,0,0,0,0,0,0,0,0,0,0,0,0,0,0,0,0,0,0,0,0,0,0,0,0,0,0,0,0,0,0,0,0,0,0,0,0,0,0,0,0,0,0,0,0,0,0,0,0,0,0,0,0,0,0,0,0,0,0,0,0,0,0,0,0,0,0,0,0,0,0,0,0,
0,0,0,0,0,0,0,0,0,0,0,0,0,0,0,0,0,0,0,0,0,0,0,0,0,0,0,0,0,0,0,0,0,0,0,0,0,0,0,0,0,0,0,0,0,0,0,0,0,0,0,0,0,0,0,0,0,0,0,0,0,0,0,0,0,0,0,0,0,0,0,0,0,0,0,0,0,0,0,0,
0,0,0,0,0,0,0,0,0,0,0,0,0,0,0,0,0,0,0,0,0,0,0,0,0,0,0,0,0,0,0,0,0,0,0,0,0,0,0,0,0,0,0,0,0,0,0,0,0,0,0,0,0,0,0,0,0,0,0,0,0,0,0,0,0,0,0,0,0,0,0,0,0,0,0,0,0,0,0,0,
0,0,0,0,0,0,0,0,0,0,0,0,0,0,0,0,0,0,0,0,0,0,0,0,0,0,0,0,0,0,0,0,0,0,0,0,0,0,0,0,0,0,0,0,0,0,0,0,0,0,0,0,0,0,0,0,0,0,0,0,0,0,0,0,0,0,0,0,0,0,0,0,0,0,0,0,0,0,0,0,
0,0,0,0,0,0,0,0,0,0,0,0,0,0,0,0,0,0,0,0,0,0,0,0,0,0,0,0,0,0,0,0,0,0,0,0,0,0,0,0,0,0,0,0,0,0,0,0,0,0,0,0,0,0,0,0,0,0,0,0,0,0,0,0,0,0,0,0,0,0,0,0,0,0,0,0,0,0,0,0,
0,0,0,0,0,0,0,0,0,0,0,0,0,0,0,0,0,0,0,0,0,0,0,0,0,0,0,0,0,0,0,0,0,0,0,0,0,0,0,0,0,0,0,0,0,0,0,0,0,0,0,0,0,0,0,0,0,0,0,0,0,0,0,0,0,0,0,0,0,0,0,0,0,0,0,0,0,0,0,0,
0,0,0,0,0,0,0,0,0,0,0,0,0,0,0,0,0,0,0,0,0,0,0,0,0,0,0,0,0,0,0,0,0,0,0,0,0,0,0,0,0,0,0,0,0,0,0,0,0,0,0,0,0,0,0,0,0,0,0,0,0,0,0,0,0,0,0,0,0,0,0,0,0,0,0,0,0,0,0,0

[layer]
type=object
data=
0,0,0,0,0,0,0,0,0,0,0,0,0,0,0,0,0,0,0,0,0,0,0,0,0,0,0,0,0,0,0,0,0,0,0,0,0,0,0,0,0,0,0,0,0,0,0,0,0,0,0,0,0,0,0,0,0,0,0,0,0,0,0,0,0,0,0,0,0,0,0,0,0,0,0,0,0,0,0,0,
0,0,0,0,0,0,0,0,0,0,0,0,0,0,0,0,0,0,0,0,0,0,0,0,0,0,0,0,0,0,0,0,0,0,0,0,0,0,0,0,0,0,0,0,0,0,0,0,0,0,0,0,0,0,0,0,0,0,0,0,0,0,0,0,0,0,0,0,0,0,0,0,0,0,0,0,0,0,0,0,
0,0,0,0,0,0,0,0,0,0,0,0,0,0,0,0,0,0,0,0,0,0,0,0,0,0,0,0,0,0,0,0,0,0,0,0,0,0,0,0,0,0,0,0,0,0,0,0,0,0,0,0,0,0,0,0,0,0,0,0,0,0,0,0,0,0,0,0,0,0,0,0,0,0,0,0,0,0,0,0,
0,0,0,0,0,0,0,0,0,0,0,0,0,0,0,0,0,0,0,0,0,0,0,0,0,0,0,0,0,0,0,0,0,0,0,0,0,0,0,0,0,0,0,0,0,0,0,0,0,0,0,0,0,0,0,0,0,0,0,0,0,0,0,0,0,0,0,0,0,0,0,0,0,0,0,0,0,0,0,0,
0,0,0,0,0,0,0,0,0,0,0,0,0,0,0,0,0,0,0,0,0,0,0,0,0,0,0,0,0,0,0,0,0,0,0,0,0,0,0,0,0,0,0,0,0,0,0,0,0,0,0,0,0,0,0,0,0,0,0,0,0,0,0,0,0,0,0,0,0,0,0,0,0,0,0,0,0,0,0,0,
0,0,0,0,0,0,0,0,0,0,0,0,0,0,0,0,0,0,0,0,0,0,0,0,0,0,0,0,0,0,0,0,0,0,0,0,0,0,88,88,88,88,88,0,0,0,0,0,0,0,0,0,0,0,0,0,0,0,0,0,0,0,0,0,0,0,0,0,0,0,0,0,0,0,0,0,0,0,0,0,
0,0,0,0,0,0,0,0,0,0,0,0,0,0,0,0,0,0,0,0,0,0,0,0,0,0,0,0,0,0,0,0,0,0,0,88,88,88,88,72,113,101,73,88,88,88,88,88,0,0,0,0,0,0,0,0,0,0,0,0,0,0,0,0,0,0,0,0,0,0,0,0,0,0,0,0,0,0,0,0,
0,0,0,0,0,0,0,0,0,0,0,0,0,0,0,0,0,0,0,88,88,88,88,88,88,88,88,88,88,88,88,88,88,88,88,88,76,97,69,80,0,0,121,69,101,65,73,88,88,88,0,0,0,0,0,0,0,0,0,0,0,0,0,0,0,0,0,0,0,0,0,0,0,0,0,0,0,0,0,0,
0,0,0,0,0,0,0,0,0,0,0,0,0,88,88,88,88,88,88,72,73,88,88,98,97,101,101,69,69,97,77,88,102,65,69,69,99,0,0,0,0,0,0,0,0,0,81,69,97,77,88,0,0,0,0,0,0,0,0,0,0,0,0,0,0,0,0,0,0,0,0,0,0,0,0,0,0,0,0,0,
0,0,0,0,0,0,0,0,0,0,0,0,88,114,101,65,69,97,101,115,117,113,97,80,0,0,0,0,0,0,85,101,84,0,0,0,0,0,0,0,0,0,0,0,0,0,0,0,0,85,77,88,88,0,0,0,0,0,0,0,0,0,0,0,0,0,0,0,0,0,0,0,0,0,0,0,0,0,0,0,
0,0,0,0,0,0,0,0,0,0,0,88,88,68,0,0,0,0,0,0,0,0,0,0,0,0,0,0,0,0,0,0,0,0,0,0,0,0,0,0,0,0,0,0,0,0,0,0,0,0,117,77,88,88,0,0,0,0,0,0,0,0,0,0,0,0,0,0,0,0,0,0,0,0,0,0,0,0,0,0,
0,0,0,0,0,0,0,0,0,0,88,88,98,84,0,0,0,0,0,0,0,0,0,0,0,0,0,0,0,0,0,0,0,0,0,0,0,0,0,0,0,0,0,0,0,0,0,0,0,0,0,117,77,88,88,0,0,0,0,0,0,0,0,0,0,0,0,0,0,0,0,0,0,0,0,0,0,0,0,0,
0,0,0,0,0,0,0,0,0,0,88,102,115,0,0,0,0,0,0,0,0,0,0,0,0,0,0,0,0,0,0,0,0,0,0,0,0,0,0,0,0,0,0,0,0,0,0,0,0,0,0,0,121,77,88,88,88,88,0,0,0,0,0,0,0,0,0,0,0,0,0,0,0,0,0,0,0,0,0,0,
0,0,0,0,0,0,0,0,0,0,88,64,0,0,0,0,0,0,0,0,0,0,0,0,0,0,0,0,0,0,0,0,0,0,0,0,0,86,67,71,120,0,0,0,0,0,0,0,0,0,0,0,0,66,88,88,102,77,88,88,0,0,0,0,0,0,0,0,0,0,0,0,0,0,0,0,0,0,0,0,
0,0,0,0,0,0,0,0,0,88,102,103,0,0,0,0,0,0,0,0,0,0,0,0,0,0,0,0,0,0,0,0,0,0,0,0,0,70,88,88,75,118,0,0,0,0,0,0,0,0,0,0,0,66,88,76,115,121,101,73,88,88,0,0,0,0,0,0,0,0,0,0,0,0,0,0,0,0,0,0,
0,0,0,0,0,0,0,0,88,88,68,0,0,0,0,0,0,0,0,0,0,0,0,0,0,0,0,0,0,0,0,0,0,0,0,0,0,81,73,88,88,75,118,0,0,0,0,0,0,0,0,0,0,70,88,79,87,0,0,121,73,88,88,0,0,0,0,0,0,0,0,0,0,0,0,0,0,0,0,0,
0,0,0,0,0,0,0,88,88,72,99,0,0,0,0,0,0,0,0,0,0,0,0,0,0,0,0,0,0,0,0,0,0,0,0,0,0,0,121,77,88,88,75,67,116,0,0,0,86,67,83,0,0,66,88,88,96,0,0,0,117,113,77,88,0,0,0,0,0,0,0,0,0,0,0,0,0,0,0,0,
0,0,0,0,0,0,0,88,76,80,0,0,0,0,0,0,0,0,0,0,0,0,86,67,71,71,67,67,67,71,67,71,67,116,0,0,0,0,0,70,88,0,0,88,79,67,67,67,78,88,79,71,67,78,88,88,75,120,0,0,0,0,117,77,88,88,88,0,0,0,0,0,0,0,0,0,0,0,0,0,
0,0,0,0,0,0,0,88,64,0,0,0,0,0,0,0,0,0,0,0,0,86,78,0,0,88,88,88,88,88,88,88,88,75,71,67,118,0,0,70,88,88,0,0,0,88,0,0,0,0,88,88,88,88,0,0,88,96,0,0,0,0,0,81,97,73,88,88,0,0,0,0,0,0,0,0,0,0,0,0,
0,0,0,0,0,0,0,88,68,0,0,0,0,0,0,0,0,0,0,0,0,70,88,0,0,0,88,88,88,88,0,0,0,0,88,88,79,83,0,81,77,88,0,0,0,0,0,0,0,0,0,0,0,0,0,0,88,75,116,0,0,0,0,0,0,85,73,88,88,0,0,0,0,0,0,0,0,0,0,0,
0,0,0,0,0,0,0,88,79,116,0,0,0,0,0,0,0,0,0,0,0,70,88,0,0,0,88,88,88,88,88,0,0,0,0,88,88,79,118,0,81,77,88,88,0,0,0,0,0,0,0,0,0,0,0,0,88,88,100,0,0,0,0,0,0,0,85,77,88,88,0,0,0,0,0,0,0,0,0,0,
0,0,0,0,0,0,0,88,88,64,0,0,0,0,0,0,0,0,0,0,0,70,88,0,0,88,88,72,101,77,88,88,0,0,0,0,88,88,64,0,0,121,65,77,88,88,88,0,0,0,0,0,88,0,0,0,88,114,84,0,0,0,0,0,0,0,0,81,77,88,0,0,0,0,0,0,0,0,0,0,
0,0,0,0,0,0,0,88,76,99,0,0,0,0,0,0,0,0,0,0,0,121,77,88,88,88,98,115,0,117,77,88,0,0,0,0,0,88,64,0,0,0,0,85,69,77,88,88,88,88,0,0,88,88,0,0,88,112,0,0,0,0,0,0,0,0,0,0,117,77,88,0,0,0,0,0,0,0,0,0,
0,0,0,0,0,0,0,88,112,0,0,0,0,0,0,0,0,0,0,0,0,0,70,88,88,88,68,0,0,0,85,73,88,0,0,0,0,88,112,0,0,0,0,0,0,81,65,101,77,88,88,88,88,88,88,88,88,75,118,0,0,0,0,0,0,0,0,0,0,70,88,0,0,0,0,0,0,0,0,0,
0,0,0,0,0,0,0,88,64,0,0,0,0,0,0,0,0,0,0,0,0,0,121,101,101,97,99,0,0,0,0,81,77,88,0,0,0,88,68,0,0,0,0,0,0,0,0,0,121,101,65,73,88,88,88,88,88,88,100,0,0,0,0,0,0,0,0,0,0,66,88,0,0,0,0,0,0,0,0,0,
0,0,0,0,0,0,0,88,100,0,0,0,0,0,0,0,0,0,0,0,0,0,0,0,0,0,0,0,0,0,0,0,117,73,88,0,0,88,64,0,0,0,0,0,0,0,0,0,0,0,0,121,97,77,88,88,88,88,79,120,0,0,0,0,0,0,0,0,0,70,88,0,0,0,0,0,0,0,0,0,
0,0,0,0,0,0,0,88,64,0,0,0,0,0,0,0,0,0,0,0,0,0,0,0,0,0,0,0,0,0,0,0,0,66,88,0,0,88,68,0,0,0,0,0,0,0,0,0,0,0,0,0,0,85,73,88,88,88,88,68,0,0,0,0,0,0,0,0,0,70,88,0,0,0,0,0,0,0,0,0,
0,0,0,0,0,0,0,88,96,0,0,0,0,0,0,0,0,0,0,0,0,0,0,0,0,0,0,0,0,0,0,0,0,70,88,0,88,88,96,0,0,0,0,0,0,0,0,0,0,0,0,0,0,0,81,65,73,88,88,75,120,0,0,0,0,0,0,0,0,70,88,88,0,0,0,0,0,0,0,0,
0,0,0,0,0,0,0,88,112,0,0,0,0,0,0,82,71,67,67,87,0,0,0,0,0,0,0,0,0,0,0,0,0,117,77,88,88,88,112,0,0,0,0,0,0,0,0,0,0,0,0,0,0,0,0,0,81,77,88,88,64,0,0,0,0,0,0,0,0,117,77,88,88,88,0,0,0,0,0,0,
0,0,0,0,0,0,0,88,64,0,0,0,0,0,0,70,88,88,88,79,87,0,0,0,0,0,0,0,0,0,0,0,0,86,74,88,88,88,64,0,0,0,0,0,0,0,0,0,0,0,0,0,0,0,0,0,0,66,88,88,75,83,0,0,0,0,0,0,0,0,81,113,69,77,88,88,0,0,0,0,
0,0,0,0,0,0,88,98,99,0,0,0,0,0,0,81,73,88,88,88,79,116,0,0,0,0,0,0,0,0,0,0,0,66,88,88,88,88,79,83,0,0,0,0,0,0,82,67,67,71,87,0,0,0,0,0,0,66,88,88,88,68,0,0,0,0,0,0,0,0,0,0,0,117,73,88,0,0,0,0,
0,0,0,0,0,88,102,84,0,0,0,0,0,0,0,0,70,88,88,88,88,96,0,0,0,0,0,0,0,0,0,0,0,70,88,0,0,88,88,100,0,0,0,0,0,0,70,88,88,88,79,83,0,0,0,0,0,66,88,88,88,112,0,0,0,0,0,0,0,0,0,0,0,0,121,73,88,0,0,0,
0,0,0,0,0,88,64,0,0,0,0,0,0,0,0,0,70,88,88,88,88,68,0,0,0,0,0,0,0,0,0,0,0,66,88,0,0,0,88,75,118,0,0,0,0,0,70,88,88,88,88,79,120,0,0,0,0,81,73,88,88,100,0,0,0,0,0,0,0,0,0,0,0,0,0,66,88,0,0,0,
0,0,0,0,0,88,64,0,0,0,0,0,0,0,0,0,121,77,88,88,88,112,0,0,0,0,0,0,0,0,0,0,0,70,0,0,0,0,88,88,100,0,0,0,0,0,66,88,88,0,0,88,79,71,118,0,0,0,70,88,88,75,118,0,0,0,0,0,0,0,0,0,0,0,0,117,73,88,0,0,
0,0,0,0,0,88,64,0,0,0,0,0,0,0,0,0,0,66,88,88,88,112,0,0,0,0,0,0,0,0,0,0,0,70,0,0,0,0,0,88,68,0,0,0,0,0,121,73,88,0,0,0,88,88,68,0,0,0,66,88,88,88,75,83,0,0,0,0,0,0,0,0,0,0,0,0,66,88,0,0,
0,0,0,0,0,88,96,0,0,0,0,0,0,0,0,0,86,78,88,88,88,68,0,0,0,0,0,0,0,0,0,0,82,78,88,0,0,0,0,88,64,0,0,0,0,0,0,121,77,88,0,0,0,88,75,83,0,0,121,101,77,88,88,64,0,0,0,0,0,0,0,0,0,0,0,0,70,88,0,0,
0,0,0,0,0,88,64,0,0,0,0,0,0,0,0,0,66,88,88,88,88,79,87,0,0,0,0,0,0,0,0,82,78,88,88,88,0,0,88,88,112,0,0,0,0,0,0,0,66,88,0,0,0,0,88,100,0,0,0,0,117,77,88,96,0,0,0,0,0,0,0,0,0,0,0,82,74,88,0,0,
0,0,0,0,0,88,79,83,0,0,0,0,0,0,0,0,70,88,88,88,88,88,75,87,0,0,0,0,0,0,82,78,88,88,88,88,88,88,88,114,99,0,0,0,0,0,0,0,81,77,0,0,0,0,88,75,87,0,0,0,0,70,88,68,0,0,0,0,0,0,0,0,0,0,0,70,88,88,0,0,
0,0,0,0,0,88,88,112,0,0,0,0,0,0,0,0,70,88,88,0,88,88,88,79,118,0,0,0,0,0,70,88,88,76,65,97,97,65,69,80,0,0,0,0,0,0,0,0,0,66,88,0,0,0,0,88,96,0,0,0,0,66,88,68,0,0,0,0,0,0,0,0,0,0,86,74,88,0,0,0,
0,0,0,0,0,0,88,64,0,0,0,0,0,0,0,0,66,88,0,0,0,88,88,88,96,0,0,0,0,0,66,0,0,68,0,0,0,0,0,0,0,0,0,0,0,0,0,0,0,70,0,0,0,0,0,88,64,0,0,0,0,85,65,115,0,0,0,0,0,0,0,0,0,0,66,88,0,0,0,0,
0,0,0,0,0,0,88,75,87,0,0,0,0,0,0,82,78,0,0,0,0,0,88,88,68,82,71,67,87,0,66,88,0,79,118,0,0,0,0,0,0,0,0,0,0,0,0,0,0,70,0,0,0,0,0,88,112,0,0,0,0,0,0,0,0,0,0,0,0,0,86,67,87,82,74,0,0,0,0,0,
0,0,0,0,0,0,0,88,112,0,0,0,0,0,0,66,88,0,0,0,0,0,88,88,75,74,88,88,79,67,78,88,88,88,75,116,0,0,0,0,0,0,0,0,0,0,0,0,0,66,0,0,0,0,0,88,96,0,0,0,0,0,0,0,0,0,0,0,0,0,70,88,75,78,88,0,0,0,0,0,
0,0,0,0,0,0,0,88,75,87,0,0,0,0,0,121,73,0,0,0,0,0,0,0,0,0,0,0,88,88,88,88,102,77,88,79,87,0,0,0,0,0,0,0,0,0,0,0,0,66,88,0,0,0,0,88,68,0,0,0,0,0,0,0,0,0,0,0,0,86,74,88,88,88,88,0,0,0,0,0,
0,0,0,0,0,0,0,0,88,64,0,0,0,0,0,0,66,88,0,0,0,0,0,0,0,0,0,0,0,88,88,76,99,70,88,88,75,87,0,0,0,0,0,0,0,0,0,0,0,66,88,0,0,0,0,0,68,0,0,0,0,0,0,0,0,0,0,0,0,70,88,88,88,0,0,0,0,0,0,0,
0,0,0,0,0,0,0,0,88,75,116,0,0,0,0,0,81,77,88,88,0,0,0,0,0,0,0,0,0,88,76,84,0,81,101,73,88,79,67,71,83,0,0,0,0,0,0,0,0,66,88,0,0,0,0,0,79,83,0,0,0,0,0,0,0,0,0,0,0,85,77,88,0,0,0,0,0,0,0,0,
0,0,0,0,0,0,0,0,0,88,75,118,0,0,0,0,0,85,65,77,88,0,0,0,0,0,0,0,88,88,64,0,0,0,0,70,88,88,88,88,79,87,0,0,0,0,0,0,0,70,88,0,0,0,0,0,88,75,118,0,0,0,0,0,0,0,0,0,0,0,66,88,0,0,0,0,0,0,0,0,
0,0,0,0,0,0,0,0,0,88,88,64,0,0,0,0,0,0,0,121,77,88,88,0,0,0,0,88,88,98,80,0,0,0,0,121,101,101,73,88,88,75,67,118,0,0,0,0,0,85,77,88,0,0,0,0,0,88,79,67,71,83,0,0,0,0,0,0,0,0,70,88,0,0,0,0,0,0,0,0,
0,0,0,0,0,0,0,0,0,0,88,75,83,0,0,0,0,0,0,0,81,97,77,88,88,88,88,88,114,115,0,0,0,0,0,0,0,0,85,77,88,88,88,79,83,0,0,0,0,0,66,88,0,0,0,0,0,88,88,88,88,75,71,120,0,0,0,0,0,0,66,88,0,0,0,0,0,0,0,0,
0,0,0,0,0,0,0,0,0,0,0,88,75,87,0,0,0,0,0,0,0,0,117,69,77,88,88,102,103,0,0,0,0,0,0,0,0,0,0,70,88,88,88,88,96,0,0,0,0,0,117,77,0,0,0,0,0,0,0,0,0,0,88,75,116,0,0,0,0,0,70,88,0,0,0,0,0,0,0,0,
0,0,0,0,0,0,0,0,0,0,0,0,88,75,118,0,0,0,0,0,0,0,0,0,117,101,113,103,0,0,0,0,0,0,0,0,0,0,0,70,88,88,88,88,79,116,0,0,0,0,0,66,0,0,0,0,0,0,0,0,0,0,0,0,68,0,0,0,0,0,81,73,88,0,0,0,0,0,0,0,
0,0,0,0,0,0,0,0,0,0,0,0,0,88,75,116,0,0,0,0,0,0,0,0,0,0,0,0,0,0,0,0,0,0,0,0,0,0,86,74,88,0,0,88,88,96,0,0,0,0,0,70,88,0,0,0,0,0,0,0,0,0,0,0,0,67,87,0,0,0,0,70,88,0,0,0,0,0,0,0,
0,0,0,0,0,0,0,0,0,0,0,0,0,0,88,75,120,0,0,0,0,0,0,0,0,0,0,0,0,0,0,0,0,0,0,0,0,82,78,88,0,0,0,0,88,79,118,0,0,0,0,121,73,0,0,0,0,0,0,0,0,0,0,0,0,88,68,0,0,0,0,85,77,88,0,0,0,0,0,0,
0,0,0,0,0,0,0,0,0,0,0,0,0,0,88,88,96,0,0,0,0,0,0,0,0,0,0,0,0,0,0,0,0,0,0,0,86,74,88,0,0,0,0,0,88,88,68,0,0,0,0,0,70,88,0,0,0,0,0,0,88,88,88,88,88,88,112,0,0,0,0,0,81,73,88,0,0,0,0,0,
0,0,0,0,0,0,0,0,0,0,0,0,0,0,0,88,79,116,0,0,0,0,0,0,0,0,0,0,0,0,0,0,86,71,67,71,78,0,0,0,0,0,0,0,0,88,79,120,0,0,0,0,66,88,88,88,88,88,88,88,88,72,101,69,97,101,99,0,0,0,0,0,0,85,77,88,88,0,0,0,
0,0,0,0,0,0,0,0,0,0,0,0,0,0,0,88,88,68,0,0,0,0,0,0,0,0,0,0,0,0,0,86,78,88,0,0,0,0,0,0,0,0,0,0,0,0,88,75,83,0,0,0,81,73,88,88,88,98,65,113,97,80,0,0,0,0,0,0,0,0,0,0,0,0,117,77,88,0,88,0,
0,0,0,0,0,0,0,0,0,0,0,0,0,0,0,0,88,75,87,0,0,0,0,0,0,0,0,0,0,0,82,78,88,88,0,88,88,0,0,0,0,0,0,0,0,0,0,88,75,118,0,0,0,121,97,97,69,103,0,0,0,0,0,0,0,0,0,0,0,0,0,0,0,0,0,81,101,101,65,84,
0,0,0,0,0,0,0,0,0,0,0,0,0,0,0,0,0,88,75,83,0,0,0,0,0,0,0,0,0,86,78,88,88,0,0,88,88,88,88,0,0,0,0,0,0,0,0,0,88,100,0,0,0,0,0,0,0,0,0,0,0,0,0,0,0,0,0,0,0,0,0,0,0,0,0,0,0,0,0,0,
0,0,0,0,0,0,0,0,0,0,0,0,0,0,0,0,0,0,88,79,83,0,0,0,0,0,0,0,0,70,0,0,0,0,0,88,88,88,88,88,88,88,88,88,0,0,0,0,88,96,0,0,0,0,0,0,0,0,0,0,0,0,0,0,0,0,0,0,0,0,0,0,0,0,0,0,0,0,0,0,
0,0,0,0,0,0,0,0,0,0,0,0,0,0,0,0,0,0,88,88,79,120,0,0,0,0,0,0,0,121,0,88,0,0,88,88,114,101,69,113,97,113,77,88,88,0,0,0,88,100,0,0,0,0,0,0,0,0,0,0,0,0,0,0,0,0,0,0,0,0,0,0,0,0,0,0,0,0,0,0,
0,0,0,0,0,0,0,0,0,0,0,0,0,0,0,0,0,0,0,0,88,68,0,0,0,0,0,0,0,0,66,88,88,88,88,102,115,0,0,0,0,0,117,97,77,88,88,0,88,100,0,0,0,0,0,0,0,0,0,0,0,0,0,0,0,0,0,0,0,0,0,0,0,0,0,88,0,0,0,0,
0,0,0,0,0,0,0,0,0,0,0,0,0,0,0,0,0,0,0,0,0,75,83,0,0,0,0,0,0,0,81,77,88,88,114,80,0,0,0,0,0,0,0,0,117,73,88,88,88,112,0,0,0,0,0,0,0,0,0,0,0,0,0,0,0,0,0,0,0,86,71,71,67,71,67,67,71,67,71,118,
0,0,0,0,0,0,0,0,0,0,0,0,0,0,0,0,0,0,0,0,0,88,75,83,0,0,0,0,0,0,0,121,97,69,103,0,0,0,0,0,0,0,0,0,0,81,97,97,97,80,0,0,0,0,0,0,0,0,0,0,0,0,0,0,0,0,0,82,71,74,88,88,88,88,88,88,88,88,88,0,
0,0,0,0,0,0,0,0,0,0,0,0,0,0,0,0,0,0,0,0,0,0,88,79,87,0,0,0,0,0,0,0,0,0,0,0,0,0,0,0,0,0,0,0,0,0,0,0,0,0,0,0,0,0,0,0,0,0,0,0,0,0,0,0,0,0,86,78,88,88,88,0,0,0,0,0,0,0,0,0,
0,0,0,0,0,0,0,0,0,0,0,0,0,0,0,0,0,0,0,0,0,0,0,88,75,83,0,0,0,0,0,0,0,0,0,0,0,0,0,0,0,0,0,0,0,0,0,0,0,0,0,0,0,0,0,0,0,0,0,0,0,0,0,86,71,71,74,88,88,0,0,0,0,0,0,0,0,0,88,0,
0,0,0,0,0,0,0,0,0,0,0,0,0,0,0,0,0,0,0,0,0,0,0,0,88,75,67,116,0,0,0,0,0,0,0,0,0,0,0,0,0,0,0,0,0,0,0,0,0,0,0,0,0,0,0,0,0,0,0,0,0,82,67,78,88,88,88,0,0,0,0,0,0,0,0,0,0,0,0,0,
0,0,0,0,0,0,0,0,0,0,0,0,0,0,0,0,0,0,0,0,0,0,0,0,0,88,88,79,67,120,0,0,0,0,0,0,0,0,0,0,0,0,0,0,0,0,0,0,0,0,0,0,0,0,0,0,0,0,0,0,86,74,88,88,88,88,0,0,0,0,0,0,0,0,0,0,0,0,0,0,
0,0,0,0,0,0,0,0,0,0,0,0,0,0,0,0,0,0,0,0,0,0,0,0,0,0,88,88,88,79,71,120,0,0,0,0,0,0,0,0,0,0,0,0,0,0,0,0,0,0,0,0,0,0,0,0,0,0,0,0,66,88,88,0,0,0,0,0,0,0,0,0,0,0,0,0,0,0,0,0,
0,0,0,0,0,0,0,0,0,0,0,0,0,0,0,0,0,0,0,0,0,0,0,0,0,0,0,0,88,88,88,75,116,0,0,0,0,0,0,0,0,0,0,0,0,0,0,0,0,0,0,0,0,0,0,0,0,0,0,86,74,88,0,0,0,0,0,0,0,0,0,0,0,0,0,0,0,0,0,0,
0,0,0,0,0,0,0,0,0,0,0,0,0,0,0,0,0,0,0,0,0,0,0,0,0,0,0,0,0,0,88,88,75,118,0,0,0,0,0,0,0,0,0,0,0,0,0,0,0,0,0,0,0,0,0,0,0,82,71,78,88,88,0,0,0,0,0,0,0,0,0,0,0,0,0,0,0,0,0,0,
0,0,0,0,0,0,0,0,0,0,0,0,0,0,0,0,0,0,0,0,0,0,0,0,0,0,0,0,0,0,0,88,88,79,71,87,0,0,0,0,0,0,0,0,0,0,0,0,0,0,0,0,0,0,0,0,0,70,88,88,88,0,0,0,0,0,0,0,0,0,0,0,0,0,0,0,0,0,0,0,
0,0,0,0,0,0,0,0,0,0,0,0,0,0,0,0,0,0,0,0,0,0,0,0,0,0,0,0,0,0,0,0,0,88,88,79,67,67,118,86,67,71,71,67,67,67,71,67,118,0,0,0,0,0,0,0,82,78,88,88,0,0,0,0,0,0,0,0,0,0,0,0,0,0,0,0,0,0,0,0,
0,0,0,0,0,0,0,0,0,0,0,0,0,0,0,0,0,0,0,0,0,0,0,0,0,0,0,0,0,0,0,0,0,0,88,88,88,88,79,74,88,88,88,88,88,88,88,88,79,67,116,0,0,0,0,82,74,88,0,0,0,0,0,0,0,0,0,0,0,0,0,0,0,0,0,0,0,0,0,0,
0,0,0,0,0,0,0,0,0,0,0,0,0,0,0,0,0,0,0,0,0,0,0,0,0,0,0,0,0,0,0,0,0,0,0,0,0,0,0,88,0,0,0,0,0,0,0,88,88,88,79,71,67,67,71,78,88,88,0,0,0,0,0,0,0,0,0,0,0,0,0,0,0,0,0,0,0,0,0,0,
0,0,0,0,0,0,0,0,0,0,0,0,0,0,0,0,0,0,0,0,0,0,0,0,0,0,0,0,0,0,0,0,0,0,0,0,0,0,0,0,0,0,0,0,0,0,0,0,0,88,88,88,88,88,88,88,88,0,0,0,0,0,0,0,0,0,0,0,0,0,0,0,0,0,0,0,0,0,0,0,
0,0,0,0,0,0,0,0,0,0,0,0,0,0,0,0,0,0,0,0,0,0,0,0,0,0,0,0,0,0,0,0,0,0,0,0,0,0,0,0,0,0,0,0,0,0,0,0,0,0,0,0,88,88,0,0,0,0,0,0,0,0,0,0,0,0,0,0,0,0,0,0,0,0,0,0,0,0,0,0,
0,0,0,0,0,0,0,0,0,0,0,0,0,0,0,0,0,0,0,0,0,0,0,0,0,0,0,0,0,0,0,0,0,0,0,0,0,0,0,0,0,0,0,0,0,0,0,0,0,0,0,0,0,0,0,0,0,0,0,0,0,0,0,0,0,0,0,0,0,0,0,0,0,0,0,0,0,0,0,0,
0,0,0,0,0,0,0,0,0,0,0,0,0,0,0,0,0,0,0,0,0,0,0,0,0,0,0,0,0,0,0,0,0,0,0,0,0,0,0,0,0,0,0,0,0,0,0,0,0,0,0,0,0,0,0,0,0,0,0,0,0,0,0,0,0,0,0,0,0,0,0,0,0,0,0,0,0,0,0,0,
0,0,0,0,0,0,0,0,0,0,0,0,0,0,0,0,0,0,0,0,0,0,0,0,0,0,0,0,0,0,0,0,0,0,0,0,0,0,0,0,0,0,0,0,0,0,0,0,0,0,0,0,0,0,0,0,0,0,0,0,0,0,0,0,0,0,0,0,0,0,0,0,0,0,0,0,0,0,0,0,
0,0,0,0,0,0,0,0,0,0,0,0,0,0,0,0,0,0,0,0,0,0,0,0,0,0,0,0,0,0,0,0,0,0,0,0,0,0,0,0,0,0,0,0,0,0,0,0,0,0,0,0,0,0,0,0,0,0,0,0,0,0,0,0,0,0,0,0,0,0,0,0,0,0,0,0,0,0,0,0,
0,0,0,0,0,0,0,0,0,0,0,0,0,0,0,0,0,0,0,0,0,0,0,0,0,0,0,0,0,0,0,0,0,0,0,0,0,0,0,0,0,0,0,0,0,0,0,0,0,0,0,0,0,0,0,0,0,0,0,0,0,0,0,0,0,0,0,0,0,0,0,0,0,0,0,0,0,0,0,0

[layer]
type=collision
data=
3,3,3,3,3,3,3,3,3,3,3,3,3,3,3,3,3,3,3,3,3,3,3,3,3,3,3,3,3,3,3,3,3,3,3,3,3,3,3,3,3,3,3,3,3,3,3,3,3,3,3,3,3,3,3,3,3,3,3,3,3,3,3,3,3,3,3,3,3,3,3,3,3,3,3,3,3,3,3,3,
3,3,3,3,3,3,3,3,3,3,3,3,3,3,3,3,3,3,3,3,3,3,3,3,3,3,3,3,3,3,3,3,3,3,3,3,3,3,3,3,3,3,3,3,3,3,3,3,3,3,3,3,3,3,3,3,3,3,3,3,3,3,3,3,3,3,3,3,3,3,3,3,3,3,3,3,3,3,3,3,
3,3,3,3,3,3,3,3,3,3,3,3,3,3,3,3,3,3,3,3,3,3,3,3,3,3,3,3,3,3,3,3,3,3,3,3,3,3,3,3,3,3,3,3,3,3,3,3,3,3,3,3,3,3,3,3,3,3,3,3,3,3,3,3,3,3,3,3,3,3,3,3,3,3,3,3,3,3,3,3,
3,3,3,3,3,3,3,3,3,3,3,3,3,3,3,3,3,3,3,3,3,3,3,3,3,3,3,3,3,3,3,3,3,3,3,3,3,3,3,3,3,3,3,3,3,3,3,3,3,3,3,3,3,3,3,3,3,3,3,3,3,3,3,3,3,3,3,3,3,3,3,3,3,3,3,3,3,3,3,3,
3,3,3,3,3,3,3,3,3,3,3,3,3,3,3,3,3,3,3,3,3,3,3,3,3,3,3,3,3,3,3,3,3,3,3,3,3,3,3,3,3,3,3,3,3,3,3,3,3,3,3,3,3,3,3,3,3,3,3,3,3,3,3,3,3,3,3,3,3,3,3,3,3,3,3,3,3,3,3,3,
3,3,3,3,3,3,3,3,3,3,3,3,3,3,3,3,3,3,3,3,3,3,3,3,3,3,3,3,3,3,3,3,3,3,3,3,3,3,3,3,3,3,3,3,3,3,3,3,3,3,3,3,3,3,3,3,3,3,3,3,3,3,3,3,3,3,3,3,3,3,3,3,3,3,3,3,3,3,3,3,
3,3,3,3,3,3,3,3,3,3,3,3,3,3,3,3,3,3,3,3,3,3,3,3,3,3,3,3,3,3,3,3,3,3,3,3,3,3,3,1,1,1,1,3,3,3,3,3,3,3,3,3,3,3,3,3,3,3,3,3,3,3,3,3,3,3,3,3,3,3,3,3,3,3,3,3,3,3,3,3,
3,3,3,3,3,3,3,3,3,3,3,3,3,3,3,3,3,3,3,3,3,3,3,3,3,3,3,3,3,3,3,3,3,3,3,3,1,1,1,1,0,0,1,1,1,1,1,3,3,3,3,3,3,3,3,3,3,3,3,3,3,3,3,3,3,3,3,3,3,3,3,3,3,3,3,3,3,3,3,3,
3,3,3,3,3,3,3,3,3,3,3,3,3,3,3,3,3,3,3,3,3,3,3,1,1,1,1,1,1,1,1,3,1,1,1,1,1,0,0,0,0,0,0,0,0,0,1,1,1,1,3,3,3,3,3,3,3,3,3,3,3,3,3,3,3,3,3,3,3,3,3,3,3,3,3,3,3,3,3,3,
3,3,3,3,3,3,3,3,3,3,3,3,3,1,1,1,1,1,1,1,1,1,1,1,0,0,0,0,0,0,1,1,1,0,0,0,0,0,0,0,0,0,0,0,0,0,0,0,0,1,1,3,3,3,3,3,3,3,3,3,3,3,3,3,3,3,3,3,3,3,3,3,3,3,3,3,3,3,3,3,
3,3,3,3,3,3,3,3,3,3,3,3,3,1,0,0,0,0,0,0,0,0,0,0,0,0,0,0,0,0,0,0,0,0,0,0,0,0,0,0,0,0,0,0,0,0,0,0,0,0,1,1,3,3,3,3,3,3,3,3,3,3,3,3,3,3,3,3,3,3,3,3,3,3,3,3,3,3,3,3,
3,3,3,3,3,3,3,3,3,3,3,3,1,1,0,0,0,0,0,0,0,0,0,0,0,0,0,0,0,0,0,0,0,0,0,0,0,0,0,0,0,0,0,0,0,0,0,0,0,0,0,1,1,3,3,3,3,3,3,3,3,3,3,3,3,3,3,3,3,3,3,3,3,3,3,3,3,3,3,3,
3,3,3,3,3,3,3,3,3,3,3,1,1,0,0,0,0,0,0,0,0,0,0,0,0,0,0,0,0,0,0,0,0,0,0,0,1,1,1,0,0,0,0,0,0,0,0,0,0,0,0,0,1,1,3,3,3,3,3,3,3,3,3,3,3,3,3,3,3,3,3,3,3,3,3,3,3,3,3,3,
3,3,3,3,3,3,3,3,3,3,3,1,0,0,0,0,0,0,0,0,0,0,0,0,0,0,0,0,0,0,0,0,0,0,0,0,1,1,1,1,0,0,0,0,0,0,0,0,0,0,0,0,1,1,1,1,1,1,3,3,3,3,3,3,3,3,3,3,3,3,3,3,3,3,3,3,3,3,3,3,
3,3,3,3,3,3,3,3,3,3,1,1,0,0,0,0,0,0,0,0,0,0,0,0,0,0,0,0,0,0,0,0,0,0,0,0,0,1,1,1,1,1,0,0,0,0,0,0,0,0,0,0,1,3,3,1,1,1,1,1,3,3,3,3,3,3,3,3,3,3,3,3,3,3,3,3,3,3,3,3,
3,3,3,3,3,3,3,3,3,3,1,0,0,0,0,0,0,0,0,0,0,0,0,0,0,0,0,0,0,0,0,0,0,0,0,0,0,0,1,3,3,1,1,0,0,0,0,1,0,0,0,1,1,3,3,1,1,0,0,1,1,3,3,3,3,3,3,3,3,3,3,3,3,3,3,3,3,3,3,3,
3,3,3,3,3,3,3,3,1,1,1,0,0,0,0,0,0,0,0,0,0,1,1,1,1,1,1,1,1,1,1,0,0,0,0,0,0,0,1,3,3,3,1,1,1,1,1,1,1,1,1,1,3,3,3,3,1,0,0,0,1,1,1,3,3,3,3,3,3,3,3,3,3,3,3,3,3,3,3,3,
3,3,3,3,3,3,3,3,1,1,0,0,0,0,0,0,0,0,0,0,1,1,3,3,3,3,1,1,3,3,1,1,1,1,0,0,0,0,1,1,3,3,3,3,3,3,3,3,3,3,3,3,3,3,3,3,1,1,0,0,0,0,1,1,3,3,3,3,3,3,3,3,3,3,3,3,3,3,3,3,
3,3,3,3,3,3,3,3,1,0,0,0,0,0,0,0,0,0,0,0,1,3,3,3,3,3,3,3,3,3,3,3,3,1,1,1,1,0,0,1,3,3,3,3,3,3,3,3,3,3,3,3,3,3,3,3,3,1,0,0,0,0,0,1,1,3,3,3,3,3,3,3,3,3,3,3,3,3,3,3,
3,3,3,3,3,3,3,3,1,0,0,0,0,0,0,0,0,0,0,0,1,1,3,3,3,3,3,3,3,3,3,3,3,3,3,3,1,1,0,1,1,3,3,3,3,3,3,3,3,3,3,3,3,3,3,3,3,1,1,0,0,0,0,0,0,1,1,3,3,3,3,3,3,3,3,3,3,3,3,3,
3,3,3,3,3,3,3,3,1,1,0,0,0,0,0,0,0,0,0,0,0,1,3,3,3,3,3,3,3,3,3,3,3,3,3,3,3,1,1,0,1,1,1,3,3,3,3,3,3,3,3,3,3,3,3,3,3,3,1,0,0,0,0,0,0,0,1,1,3,3,3,3,3,3,3,3,3,3,3,3,
3,3,3,3,3,3,3,3,1,1,0,0,0,0,0,0,0,0,0,0,0,1,3,3,3,3,1,1,1,1,1,3,3,3,3,3,3,1,1,0,0,1,1,1,1,3,3,3,3,3,3,3,3,3,3,3,3,1,1,0,0,0,0,0,0,0,0,1,1,3,3,3,3,3,3,3,3,3,3,3,
3,3,3,3,3,3,3,3,1,1,0,0,0,0,0,0,0,0,0,0,0,1,1,1,3,3,1,1,0,1,1,1,3,3,3,3,3,3,1,0,0,0,0,1,1,1,1,3,3,3,3,3,3,3,3,3,3,1,0,0,0,0,0,0,0,0,0,0,1,3,3,3,3,3,3,3,3,3,3,3,
3,3,3,3,3,3,3,3,1,0,0,0,0,0,0,0,0,0,0,0,0,0,1,1,3,3,1,0,0,0,1,1,3,3,3,3,3,3,1,0,0,0,0,0,0,1,1,1,1,1,3,3,3,3,3,3,3,1,1,0,0,0,0,0,0,0,0,0,1,3,3,3,3,3,3,3,3,3,3,3,
3,3,3,3,3,3,3,3,1,0,0,0,0,0,0,0,0,0,0,0,0,0,0,1,1,1,1,0,0,0,0,1,1,3,3,3,3,3,1,0,0,0,0,0,0,0,0,0,1,1,1,1,1,3,3,3,3,3,1,0,0,0,0,0,0,0,0,0,1,3,3,3,3,3,3,3,3,3,3,3,
3,3,3,3,3,3,3,3,1,0,0,0,0,0,0,0,0,0,0,0,0,0,0,0,0,0,0,0,0,0,0,0,1,3,3,3,3,3,1,0,0,0,0,0,0,0,0,0,0,0,0,0,1,1,3,1,3,3,1,1,0,0,0,0,0,0,0,0,1,1,3,3,3,3,3,3,3,3,3,3,
3,3,3,3,3,3,3,3,1,0,0,0,0,0,0,0,0,0,0,0,0,0,0,0,0,0,0,0,0,0,0,0,1,1,3,3,3,1,1,0,0,0,0,0,0,0,0,0,0,0,0,0,0,1,1,1,3,3,3,1,0,0,0,0,0,0,0,0,0,1,3,3,3,3,3,3,3,3,3,3,
3,3,3,3,3,3,3,3,1,0,0,0,0,0,0,1,1,1,0,0,0,0,0,0,0,0,0,0,0,0,0,0,0,1,3,3,3,1,1,0,0,0,0,0,0,0,0,0,0,0,0,0,0,0,1,1,3,3,3,1,1,0,0,0,0,0,0,0,1,1,1,3,3,3,3,3,3,3,3,3,
3,3,3,3,3,3,3,3,1,0,0,0,0,0,0,1,1,1,1,1,0,0,0,0,0,0,0,0,0,0,0,0,1,1,3,3,3,1,1,0,0,0,0,0,0,0,1,0,0,0,0,0,0,0,0,1,3,3,3,1,1,0,0,0,0,0,0,0,0,1,1,1,3,3,3,3,3,3,3,3,
3,3,3,3,3,3,3,3,1,0,0,0,0,0,0,1,3,3,3,1,1,0,0,0,0,0,0,0,0,0,0,0,1,3,3,3,3,3,1,0,0,0,0,0,1,1,1,1,1,0,0,0,0,0,0,1,1,3,3,3,1,1,0,0,0,0,0,0,0,0,1,1,1,1,3,3,3,3,3,3,
3,3,3,3,3,3,1,1,1,0,0,0,0,0,0,1,1,3,3,3,1,1,0,0,0,0,0,0,0,0,0,0,1,3,3,3,3,3,1,1,0,0,0,0,0,1,3,3,1,1,1,0,0,0,0,0,1,3,3,3,3,1,0,0,0,0,0,0,0,0,0,0,0,1,1,3,3,3,3,3,
3,3,3,3,3,3,1,1,0,0,0,0,0,0,0,0,1,3,3,3,1,1,0,0,0,0,0,0,0,0,0,0,1,3,3,3,3,3,3,1,0,0,0,0,0,1,1,3,3,1,1,1,0,0,0,0,1,3,3,3,3,1,0,0,0,0,0,0,0,0,0,0,0,0,1,1,3,3,3,3,
3,3,3,3,3,3,1,0,0,0,0,0,0,0,0,0,1,3,3,3,1,1,0,0,0,0,0,0,0,0,0,0,1,3,3,3,3,3,3,1,1,0,0,0,0,0,1,3,3,3,3,1,1,0,0,0,1,1,3,3,3,1,0,0,0,0,0,0,0,0,0,0,0,0,0,1,3,3,3,3,
3,3,3,3,3,3,1,0,0,0,0,0,0,0,0,0,1,3,3,3,1,1,0,0,0,0,0,0,0,0,0,0,1,3,3,3,3,3,3,1,1,0,0,0,0,0,1,1,3,3,3,3,1,1,1,0,0,1,1,3,3,1,1,0,0,0,0,0,0,0,0,0,0,0,0,1,1,3,3,3,
3,3,3,3,3,3,1,0,0,0,0,0,0,0,0,1,1,3,3,3,3,1,0,0,0,0,0,0,0,0,1,1,1,3,3,3,3,3,3,3,1,0,0,0,0,0,0,1,1,3,3,3,3,1,1,0,0,0,1,1,3,3,1,1,0,0,0,0,0,0,0,0,0,0,0,1,1,3,3,3,
3,3,3,3,3,3,1,0,0,0,0,0,0,0,0,1,1,3,3,3,1,1,0,0,0,0,0,0,0,1,1,3,3,3,3,3,3,3,3,3,1,0,0,0,0,0,0,0,1,3,3,3,3,3,1,1,0,0,1,1,1,3,3,1,0,0,0,0,0,0,0,0,0,0,1,1,3,3,3,3,
3,3,3,3,3,3,1,0,0,0,0,0,0,0,0,1,3,3,3,3,3,1,1,0,0,0,0,0,0,1,3,3,3,3,3,3,3,3,3,3,1,0,0,0,0,0,0,0,1,3,3,3,3,3,3,1,0,0,0,0,1,1,3,1,0,0,0,0,0,0,0,0,0,0,1,3,3,3,3,3,
3,3,3,3,3,3,1,1,0,0,0,0,0,0,0,1,3,3,3,3,3,3,1,1,0,0,0,0,0,1,3,3,3,3,3,3,1,1,1,1,1,0,0,0,0,0,0,0,1,3,3,3,3,3,3,1,1,0,0,0,1,1,3,1,0,0,0,0,0,0,0,0,0,1,1,3,3,3,3,3,
3,3,3,3,3,3,3,1,0,0,0,0,0,0,0,1,3,3,3,3,3,3,3,1,0,0,0,0,0,1,3,3,1,1,1,1,1,1,1,1,0,0,0,0,0,0,0,0,1,3,3,3,3,3,3,3,1,0,0,0,0,1,3,1,0,0,0,0,0,0,0,0,0,1,3,3,3,3,3,3,
3,3,3,3,3,3,3,1,1,0,0,0,0,0,0,1,3,3,3,3,3,3,3,1,1,1,0,0,0,1,3,1,1,1,0,0,0,0,0,0,0,0,0,0,0,0,0,0,1,3,3,3,3,3,3,3,1,0,0,0,0,1,1,1,0,0,0,0,0,1,0,0,1,1,3,3,3,3,3,3,
3,3,3,3,3,3,3,1,1,0,0,0,0,0,0,1,3,3,3,3,3,3,3,3,3,1,1,1,1,1,3,3,1,1,1,0,0,0,0,0,0,0,0,0,0,0,0,0,1,3,3,3,3,3,3,3,1,0,0,0,0,0,0,0,0,0,0,0,0,1,1,1,1,3,3,3,3,3,3,3,
3,3,3,3,3,3,3,1,1,0,0,0,0,0,0,1,1,3,3,3,3,3,3,3,3,3,3,3,3,3,3,1,1,1,1,1,0,0,0,0,0,0,0,0,0,0,0,0,1,3,3,3,3,3,3,3,1,0,0,0,0,0,0,0,0,0,0,0,1,1,3,3,3,3,3,3,3,3,3,3,
3,3,3,3,3,3,3,3,1,1,0,0,0,0,0,0,1,3,3,3,3,3,3,3,3,3,3,3,3,3,3,1,1,1,1,1,0,0,0,0,0,0,0,0,0,0,0,0,1,3,3,3,3,3,3,3,1,0,0,0,0,0,0,0,0,0,0,0,1,1,3,3,3,3,3,3,3,3,3,3,
3,3,3,3,3,3,3,3,1,1,0,0,0,0,0,0,1,1,3,3,3,3,3,3,3,3,3,3,3,3,3,1,1,1,1,1,1,1,0,0,0,0,0,0,0,0,0,0,1,1,3,3,3,3,3,1,1,0,0,0,0,0,0,0,0,0,0,0,0,1,3,3,3,3,3,3,3,3,3,3,
3,3,3,3,3,3,3,3,3,1,1,0,0,0,0,0,1,1,1,3,3,3,3,3,3,3,3,3,3,1,1,1,0,1,1,1,1,1,1,1,1,0,0,0,0,0,0,0,0,1,3,3,3,3,3,1,1,1,1,0,0,0,0,0,0,0,0,0,0,1,3,3,3,3,3,3,3,3,3,3,
3,3,3,3,3,3,3,3,3,3,1,1,0,0,0,0,0,1,1,1,1,3,3,3,3,3,3,3,3,1,1,0,0,0,0,1,1,1,3,3,1,1,0,0,0,0,0,0,0,1,3,3,3,3,3,3,3,3,1,1,0,0,0,0,0,0,0,0,0,1,3,3,3,3,3,3,3,3,3,3,
3,3,3,3,3,3,3,3,3,3,1,1,0,0,0,0,0,0,0,1,1,1,3,3,3,3,3,3,3,1,1,0,0,0,0,1,1,1,1,3,3,1,1,1,0,0,0,0,0,1,3,3,3,3,3,3,3,3,3,1,1,1,0,0,0,0,0,0,0,1,3,3,3,3,3,3,3,3,3,3,
3,3,3,3,3,3,3,3,3,3,1,1,1,0,0,0,0,0,0,0,1,1,1,3,3,3,1,3,1,1,0,0,0,0,0,0,0,0,1,3,3,3,3,1,1,0,0,0,0,1,1,3,3,3,3,3,3,3,3,3,3,1,1,1,0,0,0,0,0,1,1,3,3,3,3,3,3,3,3,3,
3,3,3,3,3,3,3,3,3,3,3,3,1,1,0,0,0,0,0,0,0,0,1,1,1,3,1,1,1,0,0,0,0,0,0,0,0,0,1,3,3,3,3,3,1,0,0,0,0,0,1,3,3,3,3,3,3,3,3,3,3,3,1,1,1,0,0,0,0,0,1,3,3,3,3,3,3,3,3,3,
3,3,3,3,3,3,3,3,3,3,3,3,3,1,1,0,0,0,0,0,0,0,0,0,1,1,1,1,0,0,0,0,0,0,0,0,0,1,1,3,3,3,3,3,1,1,0,0,0,0,1,1,3,3,3,3,3,3,3,3,3,3,3,3,1,1,0,0,0,0,1,1,3,3,3,3,3,3,3,3,
3,3,3,3,3,3,3,3,3,3,3,3,3,3,1,1,0,0,0,0,0,0,0,0,0,0,0,0,0,0,0,0,0,0,0,0,1,1,3,3,3,3,3,3,3,1,0,0,0,0,0,1,3,3,3,3,3,3,3,3,3,3,3,3,3,1,1,0,0,0,0,1,1,3,3,3,3,3,3,3,
3,3,3,3,3,3,3,3,3,3,3,3,3,3,3,1,1,0,0,0,0,0,0,0,0,0,0,0,0,0,0,0,0,0,0,1,1,3,3,3,3,3,3,3,3,1,1,0,0,0,0,1,1,3,3,3,3,3,3,3,3,3,3,3,3,3,1,0,0,0,0,1,1,1,1,3,3,3,3,3,
3,3,3,3,3,3,3,3,3,3,3,3,3,3,3,3,1,0,0,0,0,0,0,0,0,0,0,0,0,0,0,1,1,1,1,1,3,3,3,3,3,3,3,3,3,3,1,0,0,0,0,1,1,3,3,3,3,3,3,3,3,3,3,3,3,3,1,0,0,0,0,0,1,1,1,1,3,3,3,3,
3,3,3,3,3,3,3,3,3,3,3,3,3,3,3,3,1,1,0,0,0,0,0,0,0,0,0,0,0,0,1,1,3,3,3,3,3,3,3,3,3,3,3,3,3,3,1,1,0,0,0,0,1,3,3,3,3,3,3,3,3,1,1,1,1,1,1,0,0,0,0,0,0,1,1,3,3,3,3,3,
3,3,3,3,3,3,3,3,3,3,3,3,3,3,3,3,1,1,0,0,0,0,0,0,0,0,0,0,0,1,1,3,3,3,3,3,3,3,3,3,3,3,3,3,3,3,3,1,1,0,0,0,1,1,3,3,3,1,1,1,1,1,0,0,0,0,0,0,0,0,0,0,0,0,1,1,3,3,3,3,
3,3,3,3,3,3,3,3,3,3,3,3,3,3,3,3,3,1,1,0,0,0,0,0,0,0,0,0,1,1,3,3,3,3,3,3,3,3,3,3,3,3,3,3,3,3,3,3,1,1,0,0,0,1,1,1,1,1,0,0,0,0,0,0,0,0,0,0,0,0,0,0,0,0,0,1,1,1,1,1,
3,3,3,3,3,3,3,3,3,3,3,3,3,3,3,3,3,3,1,1,0,0,0,0,0,0,0,0,1,1,3,3,3,3,3,3,3,3,3,3,3,3,3,3,3,3,3,3,3,1,0,0,0,0,0,0,0,0,0,0,0,0,0,0,0,0,0,0,0,0,0,0,0,0,0,0,0,0,0,0,
3,3,3,3,3,3,3,3,3,3,3,3,3,3,3,3,3,3,3,1,1,0,0,0,0,0,0,0,0,1,1,3,3,3,3,3,3,1,1,1,1,1,3,3,3,3,3,3,3,1,0,0,0,0,0,0,0,0,0,0,0,0,0,0,0,0,0,0,0,0,0,0,0,0,0,0,0,0,0,0,
3,3,3,3,3,3,3,3,3,3,3,3,3,3,3,3,3,3,3,3,1,1,0,0,0,0,0,0,0,0,1,1,3,3,3,1,1,1,1,1,1,1,1,3,3,3,3,3,3,1,0,0,0,0,0,0,0,0,0,0,0,0,0,0,0,0,0,0,0,0,0,0,0,0,0,0,0,0,0,0,
3,3,3,3,3,3,3,3,3,3,3,3,3,3,3,3,3,3,3,3,1,1,0,0,0,0,0,0,0,0,1,1,3,3,1,1,0,0,0,0,0,0,1,1,1,3,3,3,3,1,0,0,0,0,0,0,0,0,0,0,0,0,0,0,0,0,0,0,1,1,1,1,1,1,1,1,1,1,0,0,
3,3,3,3,3,3,3,3,3,3,3,3,3,3,3,3,3,3,3,3,3,1,1,0,0,0,0,0,0,0,1,1,3,1,1,0,0,0,0,0,0,0,0,0,1,1,3,3,3,1,0,0,0,0,0,0,0,0,0,0,0,0,0,0,0,0,1,1,1,3,3,3,3,3,3,3,3,1,1,1,
3,3,3,3,3,3,3,3,3,3,3,3,3,3,3,3,3,3,3,3,3,3,1,1,0,0,0,0,0,0,0,1,1,1,0,0,0,0,0,0,0,0,0,0,0,1,1,1,1,1,0,0,0,0,0,0,0,0,0,0,0,0,0,0,0,1,1,3,3,3,3,3,3,3,3,3,3,3,3,3,
3,3,3,3,3,3,3,3,3,3,3,3,3,3,3,3,3,3,3,3,3,3,1,1,1,0,0,0,0,0,0,0,0,0,0,0,0,0,0,0,0,0,0,0,0,0,0,0,0,0,0,0,0,0,0,0,0,0,0,0,0,0,1,1,1,1,3,3,3,3,3,3,3,3,3,3,3,3,3,3,
3,3,3,3,3,3,3,3,3,3,3,3,3,3,3,3,3,3,3,3,3,3,3,1,1,1,0,0,0,0,0,0,0,0,0,0,0,0,0,0,0,0,0,0,0,0,0,0,0,0,0,0,0,0,0,0,0,0,0,0,1,1,1,3,3,3,3,3,3,3,3,3,3,3,3,3,3,3,3,3,
3,3,3,3,3,3,3,3,3,3,3,3,3,3,3,3,3,3,3,3,3,3,3,3,3,1,1,1,0,0,0,0,0,0,0,0,0,0,0,0,0,0,0,0,0,0,0,0,0,0,0,0,0,0,0,0,0,0,0,1,1,3,3,3,3,3,3,3,3,3,3,3,3,3,3,3,3,3,3,3,
3,3,3,3,3,3,3,3,3,3,3,3,3,3,3,3,3,3,3,3,3,3,3,3,3,3,3,1,1,0,0,0,0,0,0,0,0,0,0,0,0,0,0,0,0,0,0,0,0,0,0,0,0,0,0,0,0,0,0,1,3,3,3,3,3,3,3,3,3,3,3,3,3,3,3,3,3,3,3,3,
3,3,3,3,3,3,3,3,3,3,3,3,3,3,3,3,3,3,3,3,3,3,3,3,3,3,3,3,1,1,1,1,0,0,0,0,0,0,0,0,0,0,0,0,0,0,0,0,0,0,0,0,0,0,0,0,0,0,1,1,3,3,3,3,3,3,3,3,3,3,3,3,3,3,3,3,3,3,3,3,
3,3,3,3,3,3,3,3,3,3,3,3,3,3,3,3,3,3,3,3,3,3,3,3,3,3,3,3,3,1,1,1,0,0,0,0,0,0,0,0,0,0,0,0,0,0,0,0,0,0,0,0,0,0,0,0,1,1,1,3,3,3,3,3,3,3,3,3,3,3,3,3,3,3,3,3,3,3,3,3,
3,3,3,3,3,3,3,3,3,3,3,3,3,3,3,3,3,3,3,3,3,3,3,3,3,3,3,3,3,3,3,1,1,1,0,0,0,0,0,0,0,0,0,0,0,0,0,0,0,0,0,0,0,0,0,0,1,3,3,3,3,3,3,3,3,3,3,3,3,3,3,3,3,3,3,3,3,3,3,3,
3,3,3,3,3,3,3,3,3,3,3,3,3,3,3,3,3,3,3,3,3,3,3,3,3,3,3,3,3,3,3,3,3,1,1,1,0,0,1,1,1,1,1,1,1,1,1,0,0,0,0,0,0,0,0,1,1,3,3,3,3,3,3,3,3,3,3,3,3,3,3,3,3,3,3,3,3,3,3,3,
3,3,3,3,3,3,3,3,3,3,3,3,3,3,3,3,3,3,3,3,3,3,3,3,3,3,3,3,3,3,3,3,3,3,3,1,1,1,1,3,3,3,3,3,3,3,1,1,0,0,1,1,1,1,1,1,3,3,3,3,3,3,3,3,3,3,3,3,3,3,3,3,3,3,3,3,3,3,3,3,
3,3,3,3,3,3,3,3,3,3,3,3,3,3,3,3,3,3,3,3,3,3,3,3,3,3,3,3,3,3,3,3,3,3,3,3,3,3,3,3,3,3,3,3,3,3,3,3,1,1,1,3,1,1,3,3,3,3,3,3,3,3,3,3,3,3,3,3,3,3,3,3,3,3,3,3,3,3,3,3,
3,3,3,3,3,3,3,3,3,3,3,3,3,3,3,3,3,3,3,3,3,3,3,3,3,3,3,3,3,3,3,3,3,3,3,3,3,3,3,3,3,3,3,3,3,3,3,3,3,3,3,3,3,3,3,3,3,3,3,3,3,3,3,3,3,3,3,3,3,3,3,3,3,3,3,3,3,3,3,3,
3,3,3,3,3,3,3,3,3,3,3,3,3,3,3,3,3,3,3,3,3,3,3,3,3,3,3,3,3,3,3,3,3,3,3,3,3,3,3,3,3,3,3,3,3,3,3,3,3,3,3,3,3,3,3,3,3,3,3,3,3,3,3,3,3,3,3,3,3,3,3,3,3,3,3,3,3,3,3,3,
3,3,3,3,3,3,3,3,3,3,3,3,3,3,3,3,3,3,3,3,3,3,3,3,3,3,3,3,3,3,3,3,3,3,3,3,3,3,3,3,3,3,3,3,3,3,3,3,3,3,3,3,3,3,3,3,3,3,3,3,3,3,3,3,3,3,3,3,3,3,3,3,3,3,3,3,3,3,3,3,
3,3,3,3,3,3,3,3,3,3,3,3,3,3,3,3,3,3,3,3,3,3,3,3,3,3,3,3,3,3,3,3,3,3,3,3,3,3,3,3,3,3,3,3,3,3,3,3,3,3,3,3,3,3,3,3,3,3,3,3,3,3,3,3,3,3,3,3,3,3,3,3,3,3,3,3,3,3,3,3,
3,3,3,3,3,3,3,3,3,3,3,3,3,3,3,3,3,3,3,3,3,3,3,3,3,3,3,3,3,3,3,3,3,3,3,3,3,3,3,3,3,3,3,3,3,3,3,3,3,3,3,3,3,3,3,3,3,3,3,3,3,3,3,3,3,3,3,3,3,3,3,3,3,3,3,3,3,3,3,3,
3,3,3,3,3,3,3,3,3,3,3,3,3,3,3,3,3,3,3,3,3,3,3,3,3,3,3,3,3,3,3,3,3,3,3,3,3,3,3,3,3,3,3,3,3,3,3,3,3,3,3,3,3,3,3,3,3,3,3,3,3,3,3,3,3,3,3,3,3,3,3,3,3,3,3,3,3,3,3,3,
3,3,3,3,3,3,3,3,3,3,3,3,3,3,3,3,3,3,3,3,3,3,3,3,3,3,3,3,3,3,3,3,3,3,3,3,3,3,3,3,3,3,3,3,3,3,3,3,3,3,3,3,3,3,3,3,3,3,3,3,3,3,3,3,3,3,3,3,3,3,3,3,3,3,3,3,3,3,3,3,
3,3,3,3,3,3,3,3,3,3,3,3,3,3,3,3,3,3,3,3,3,3,3,3,3,3,3,3,3,3,3,3,3,3,3,3,3,3,3,3,3,3,3,3,3,3,3,3,3,3,3,3,3,3,3,3,3,3,3,3,3,3,3,3,3,3,3,3,3,3,3,3,3,3,3,3,3,3,3,3

[event]
# to Thug Camp
type=event
location=78,56,1,4
activate=on_trigger
hotspot=location
intermap=maps/04_thug_camp.txt,13,14
tooltip=Thug Camp

[event]
# Barrel
type=event
location=59,18,1,1
activate=on_trigger
hotspot=location
loot=loot/level_6.txt
mapmod=object,65,15,178
repeat=false
soundfx=soundfx/wood_open.ogg
tooltip=Barrel

[event]
# Treasure Chest
type=event
location=3,39,1,1
activate=on_trigger
hotspot=location
loot=loot/level_6.txt
mapmod=object,3,39,176
repeat=false
soundfx=soundfx/wood_open.ogg
tooltip=Treasure Chest

[event]
# Crate
type=event
location=32,11,1,1
activate=on_trigger
hotspot=location
loot=loot/level_6.txt
mapmod=object,33,7,179
repeat=false
soundfx=soundfx/wood_open.ogg
tooltip=Crate

[event]
# Cave wind sound effect
type=event
location=0,0,1,1
activate=on_load
soundfx=soundfx/environment/cave_wind_loop.ogg

[event]
# Water dripping
type=event
location=20,12,1,1
activate=on_load
soundfx=soundfx/environment/cave_droplets_loop.ogg

[event]
# Water dripping
type=event
location=8,39,1,1
activate=on_load
soundfx=soundfx/environment/cave_droplets_loop.ogg

[event]
# Water dripping
type=event
location=32,47,1,1
activate=on_load
soundfx=soundfx/environment/cave_droplets_loop.ogg

[event]
# Water dripping
type=event
location=60,24,1,1
activate=on_load
soundfx=soundfx/environment/cave_droplets_loop.ogg

[event]
# Water dripping
type=event
location=37,17,1,1
activate=on_load
soundfx=soundfx/environment/cave_droplets_loop.ogg

[event]
# Water dripping
type=event
location=24,51,1,1
activate=on_load
soundfx=soundfx/environment/cave_droplets_loop.ogg

[event]
# Water dripping
type=event
location=43,45,1,1
activate=on_load
soundfx=soundfx/environment/cave_droplets_loop.ogg

[enemy]
type=enemy
location=32,63,3,3
category=brute
level=2
number=1

[enemy]
type=enemy
location=42,63,5,5
category=brute
level=2
number=1

[enemy]
type=enemy
location=51,62,4,4
category=archer
level=2
number=1

[enemy]
type=enemy
location=18,49,4,4
category=archer
level=2
number=1

[enemy]
type=enemy
location=23,55,2,2
category=mage
level=2
number=1

[enemy]
type=enemy
location=37,61,2,2
category=mage
level=2
number=1

[enemy]
type=enemy
location=40,40,3,3
category=brute
level=2
number=1

[enemy]
type=enemy
location=10,27,3,3
category=brute
level=2
number=1

[enemy]
type=enemy
location=16,20,3,3
category=brute
level=2
number=1

[enemy]
type=enemy
location=40,24,3,3
category=brute
level=2
number=1

[enemy]
type=enemy
location=40,28,3,3
category=brute
level=2
number=1

[enemy]
type=enemy
location=63,25,3,3
category=brute
level=2
number=1

[enemy]
type=enemy
location=61,20,3,3
category=brute
level=2
number=1

[enemy]
type=enemy
location=52,57,2,2
category=archer
level=2
number=1

[enemy]
type=enemy
location=58,41,2,2
category=archer
level=2
number=1

[enemy]
type=enemy
location=44,25,2,2
category=archer
level=2
number=1

[enemy]
type=enemy
location=40,10,2,2
category=archer
level=2
number=1

[enemy]
type=enemy
location=43,11,2,2
category=archer
level=2
number=1

[enemy]
type=enemy
location=68,32,2,2
category=archer
level=2
number=1

[enemy]
type=enemy
location=13,15,2,2
category=archer
level=2
number=1

[enemy]
type=enemy
location=10,36,2,2
category=archer
level=2
number=1

[enemy]
type=enemy
location=10,32,2,2
category=mage
level=2
number=1

[enemy]
type=enemy
location=15,12,2,2
category=mage
level=2
number=1

[enemy]
type=enemy
location=46,10,2,2
category=mage
level=2
number=1

[enemy]
type=enemy
location=65,30,2,2
category=mage
level=2
number=1

[enemy]
type=enemy
location=65,33,2,2
category=mage
level=2
number=1

[enemy]
type=enemy
location=55,59,2,2
category=mage
level=2
number=1

