[header]
width=80
height=80
tilewidth=64
tileheight=32
orientation=isometric
background_color=0,0,0,255
hero_pos=40,76
music=music/cave_theme.ogg
tileset=tilesetdefs/tileset_cave.txt
title=Mountain Pass

[tilesets]
tileset=../../../tiled/cave/tiled_collision.png,64,32,0,0
tileset=../../../tiled/cave/tiled_cave.png,64,128,0,0
tileset=../../../tiled/cave/set_rules.png,64,32,0,0
tileset=../../../tiled/cave/tiled_cave_2x2.png,128,64,0,16

[layer]
type=background
data=
0,0,0,0,0,0,0,0,20,23,23,23,23,0,0,0,0,0,0,0,0,0,0,0,0,0,0,0,0,0,0,0,0,0,0,0,0,0,0,0,0,0,0,0,0,0,0,0,0,0,0,0,0,0,0,0,0,0,0,0,23,20,21,27,23,20,21,27,0,0,0,0,0,0,0,0,0,0,0,0,
0,0,0,0,0,0,0,0,23,23,23,23,23,23,0,0,0,0,0,0,0,0,0,0,0,0,0,0,0,0,0,0,0,0,0,0,0,0,0,0,0,0,0,0,0,0,0,0,0,0,0,0,0,0,0,0,0,0,0,0,23,23,20,21,23,20,21,27,24,0,0,0,0,0,0,0,0,0,0,0,
0,0,0,0,0,0,0,0,23,23,23,23,23,23,23,0,0,0,0,0,0,0,0,0,0,0,0,0,0,0,0,19,16,57,0,0,0,0,0,0,0,0,0,0,0,0,0,0,0,0,0,0,0,0,0,0,0,0,0,0,23,23,20,21,23,23,20,21,27,24,0,0,0,0,0,0,0,0,0,0,
0,0,0,0,0,0,0,0,23,23,23,23,23,23,27,0,0,0,0,0,0,0,0,0,0,0,0,0,0,0,22,23,20,21,57,57,0,0,0,0,0,0,0,0,0,0,0,0,0,0,0,0,0,0,0,0,0,0,0,0,23,23,20,20,23,23,20,21,27,24,0,0,0,0,0,0,0,0,0,0,
0,0,0,0,0,0,0,0,0,23,23,23,23,23,27,0,0,0,0,0,0,0,0,0,0,0,0,0,0,25,26,27,24,25,26,27,57,0,0,0,0,0,0,0,0,0,0,0,0,0,0,0,0,0,0,0,0,0,0,0,27,23,23,20,27,23,20,21,27,24,0,0,0,0,0,0,0,0,0,0,
0,0,0,0,0,0,0,0,0,23,23,23,23,27,27,0,0,0,0,0,0,0,0,0,0,0,0,0,28,29,30,31,28,29,30,31,28,57,0,0,0,0,0,0,0,0,0,0,0,0,0,0,0,0,0,0,0,0,0,0,27,27,23,20,23,23,20,21,27,24,0,0,0,0,0,0,0,0,0,0,
0,0,0,0,0,0,0,0,0,23,23,23,23,27,18,19,16,0,0,0,0,0,0,0,0,0,0,19,16,17,20,21,27,24,24,19,16,17,57,0,0,0,0,0,0,0,0,0,0,0,0,0,0,0,0,0,0,0,0,0,27,23,23,23,27,27,20,21,27,24,0,0,0,0,0,0,0,0,0,0,
0,0,0,0,0,0,0,0,0,23,23,23,23,27,22,23,20,0,0,0,0,0,0,0,0,0,0,23,20,21,23,20,21,27,24,23,20,21,22,57,0,0,0,0,0,0,0,0,0,0,0,0,0,0,0,0,20,20,21,27,27,23,23,23,27,27,20,21,27,24,0,0,0,0,0,0,0,0,0,0,
0,0,0,0,0,0,0,0,0,23,23,23,23,27,21,27,24,0,0,0,0,0,0,0,0,0,0,27,24,25,23,20,20,21,27,24,24,25,26,27,57,0,0,0,0,0,0,0,0,0,0,0,0,0,0,20,23,23,20,21,27,23,27,23,27,23,20,21,27,24,0,0,0,0,0,0,0,0,0,0,
0,0,0,0,0,0,0,0,0,23,23,23,23,27,21,31,28,29,0,0,0,0,0,0,0,0,30,31,28,29,23,23,20,21,27,24,28,29,30,31,28,0,0,0,0,0,0,0,0,0,0,0,0,0,20,23,23,23,23,20,27,23,23,23,27,23,20,21,27,24,0,0,0,0,0,0,0,0,0,0,
0,0,0,0,0,0,0,0,0,23,23,23,23,27,20,19,16,17,18,0,0,0,0,0,0,0,0,19,16,17,23,23,23,20,21,27,24,17,18,19,16,57,0,0,0,0,0,0,0,0,0,0,0,20,23,23,23,23,23,20,27,23,23,27,27,23,20,21,27,24,0,0,0,0,0,0,0,0,0,0,
0,0,0,0,0,0,0,0,0,23,23,23,23,27,23,21,20,21,22,0,0,0,0,0,0,0,0,23,20,21,27,23,23,20,21,27,24,21,22,23,20,21,0,0,0,0,0,0,0,0,0,0,0,23,23,23,23,23,23,23,20,27,23,27,23,23,20,21,27,24,0,0,0,0,0,0,0,0,0,0,
0,0,0,0,0,0,0,0,0,23,23,23,23,27,23,21,21,25,26,0,0,0,0,0,0,0,0,0,24,25,26,23,23,23,20,21,27,20,21,27,24,27,24,0,0,0,0,0,0,0,0,0,20,23,23,23,20,21,27,24,23,20,27,23,23,23,20,21,27,24,0,0,0,0,0,0,0,0,0,0,
0,0,0,0,0,0,0,0,0,23,23,28,28,29,23,23,20,21,30,0,0,0,0,0,0,0,0,0,56,20,21,27,23,23,20,21,27,20,21,27,24,21,28,0,0,0,0,0,0,0,0,0,23,23,23,27,23,20,21,28,24,24,27,23,23,20,21,27,24,24,0,0,0,0,0,0,0,0,0,0,
0,0,0,0,0,0,0,0,0,23,23,20,28,29,23,23,20,21,18,0,0,0,0,0,0,0,0,0,56,23,20,21,27,23,20,21,27,20,21,27,24,20,21,57,0,0,0,0,0,0,0,0,23,23,27,27,23,23,20,21,28,28,20,27,20,21,27,24,24,28,0,0,0,0,0,0,0,0,0,0,
0,0,0,0,0,0,0,0,0,23,23,20,20,28,29,23,23,20,21,0,0,0,0,0,0,0,0,0,0,23,23,20,21,23,23,20,20,23,20,21,28,20,21,23,57,0,0,0,0,0,0,0,23,27,27,23,23,23,20,21,21,21,23,27,20,21,27,24,28,21,57,0,0,0,0,0,0,0,0,0,
0,0,0,0,0,0,0,0,0,0,23,23,20,28,29,23,23,20,21,0,0,0,0,0,0,0,0,0,0,23,23,20,21,27,23,23,20,23,23,20,21,23,20,27,24,57,0,0,0,0,0,0,23,27,23,23,23,23,23,20,21,21,23,23,23,20,21,28,21,21,26,0,0,0,0,0,0,0,0,0,
0,0,0,0,0,0,0,0,0,0,23,23,23,20,28,29,23,23,20,21,0,0,0,0,0,0,0,0,0,23,23,23,20,23,23,23,23,23,23,20,21,23,23,24,28,29,0,0,0,0,0,0,27,23,23,23,27,23,23,23,20,20,23,23,23,23,20,21,21,20,30,0,0,0,0,0,0,0,0,0,
0,0,0,0,0,0,0,0,0,0,0,23,23,20,28,29,23,23,20,21,0,0,0,0,0,0,0,0,0,27,23,23,23,23,23,23,23,23,23,23,20,23,28,24,24,17,57,19,16,57,0,0,27,23,23,23,23,27,23,23,23,23,23,23,23,23,20,21,20,23,18,0,0,0,0,0,0,0,0,0,
21,21,0,0,0,0,0,0,0,0,0,23,23,23,28,28,29,23,23,20,21,0,0,0,0,0,0,0,20,27,23,23,23,27,27,23,23,27,23,23,23,23,21,28,24,24,22,23,20,21,57,20,27,23,23,23,23,23,20,21,27,24,27,23,23,23,23,20,23,21,22,57,0,0,0,0,0,0,0,0,
21,21,21,21,0,0,0,0,0,0,0,0,23,23,20,28,28,29,23,23,20,21,0,0,0,0,0,0,23,23,27,23,23,27,23,27,23,27,23,23,23,20,21,21,28,24,24,27,24,25,26,23,27,23,23,23,24,23,20,21,27,24,26,27,27,23,23,23,24,25,26,27,57,0,0,0,0,0,0,0,
20,20,21,21,21,0,0,0,0,0,0,0,0,23,20,20,28,28,29,23,23,20,21,0,0,0,0,0,21,23,27,23,23,27,23,23,27,27,23,23,0,0,20,21,21,28,28,31,28,29,30,23,27,23,23,23,28,23,20,21,27,24,30,31,28,29,30,31,28,29,30,31,28,57,0,0,0,0,0,0,
23,23,20,20,21,0,0,0,0,0,0,0,0,23,23,20,20,28,28,29,23,23,20,21,0,0,0,0,21,21,27,23,23,27,23,23,23,23,21,27,0,0,0,20,21,21,21,19,16,17,18,23,27,23,23,23,21,23,20,21,27,24,18,19,16,17,18,19,16,17,18,19,16,17,57,0,0,0,0,0,
23,23,23,23,20,21,0,0,0,0,0,0,0,21,23,23,20,20,20,28,28,28,28,29,23,23,20,21,20,21,27,23,23,23,27,23,23,23,21,27,27,0,0,0,20,21,21,23,20,21,22,23,27,23,23,23,21,24,20,21,27,24,22,23,20,21,22,23,20,21,22,23,20,21,22,0,0,0,0,0,
23,23,23,23,23,21,0,0,0,0,0,0,24,25,23,23,23,20,20,20,20,20,20,28,28,29,23,23,20,21,23,23,23,24,27,23,23,23,20,27,24,27,0,0,0,20,20,27,24,25,26,27,27,23,23,23,20,28,24,27,24,24,26,27,24,25,26,27,24,25,26,27,24,25,26,0,0,0,0,0,
0,27,23,23,23,20,21,0,0,0,0,0,28,29,23,23,23,23,23,20,20,20,20,20,28,28,29,23,23,20,21,23,24,24,27,23,23,23,23,24,28,29,27,0,0,0,0,0,28,29,30,31,28,27,23,23,23,21,28,24,28,28,30,31,28,29,30,31,28,29,30,31,28,29,30,0,0,0,0,0,
0,27,27,27,23,23,21,0,0,0,0,0,16,17,18,23,23,23,23,23,23,23,23,20,20,20,28,29,23,23,20,21,24,24,24,24,28,28,28,28,21,17,23,23,0,0,0,0,0,21,27,24,24,27,23,23,23,21,21,28,21,21,18,19,16,17,18,19,16,17,18,19,16,17,18,0,0,0,0,0,
0,23,23,27,27,23,20,21,0,0,0,0,20,21,22,23,23,23,23,23,23,23,23,23,20,20,20,21,23,23,20,21,28,28,28,28,24,21,21,21,21,21,23,23,0,0,0,27,24,21,27,24,28,27,23,23,23,20,21,21,21,21,22,23,20,21,22,23,20,21,22,23,20,21,0,0,0,0,0,0,
0,23,23,23,27,23,23,21,0,0,0,0,24,25,26,27,28,23,23,23,23,23,23,23,23,23,20,20,23,23,0,20,21,21,21,21,28,24,21,21,20,21,27,24,0,20,21,27,24,24,24,24,21,27,23,23,23,23,20,21,20,20,26,27,24,25,26,27,24,25,26,27,24,0,0,0,0,0,0,0,
0,23,23,23,23,27,23,20,0,0,0,0,28,29,30,28,29,23,23,23,23,23,23,23,23,23,23,23,27,23,0,0,21,21,21,21,21,28,20,20,23,21,27,24,0,20,21,27,24,28,24,28,21,21,27,23,23,23,23,20,23,23,30,31,28,29,30,31,28,29,30,31,0,0,0,0,0,0,0,0,
0,0,23,23,23,27,23,23,23,0,0,0,16,17,28,29,23,23,20,21,21,21,18,23,23,23,23,23,27,23,0,0,0,20,20,20,21,21,23,23,24,21,27,24,21,21,27,24,24,21,28,21,20,20,20,27,23,23,23,23,16,17,18,19,16,17,18,19,16,17,18,0,0,0,0,0,0,0,0,0,
0,23,23,23,23,23,27,23,23,23,0,0,28,29,23,23,20,21,21,21,21,20,22,23,23,23,23,23,27,23,23,0,0,23,23,23,20,21,23,21,28,27,24,24,21,27,24,28,28,21,21,21,23,23,23,20,21,28,22,23,20,21,22,23,20,21,22,23,0,0,0,0,0,0,0,0,0,0,0,0,
0,23,23,23,23,23,27,23,23,23,23,28,29,23,23,20,21,21,21,21,20,23,26,23,23,0,0,0,0,0,23,27,21,27,23,23,23,20,23,20,21,27,24,28,20,24,24,21,21,20,21,20,27,23,23,23,20,21,26,27,24,25,26,27,24,25,26,0,0,0,0,0,0,0,0,0,0,0,0,0,
0,23,23,23,23,23,27,27,28,23,23,23,20,21,21,21,21,21,20,20,23,23,0,0,0,0,0,0,0,0,23,20,20,27,23,23,23,23,23,23,21,24,28,21,23,24,28,21,21,23,20,23,28,27,23,23,23,21,30,31,28,29,30,31,28,29,0,0,0,0,0,0,0,0,0,0,0,0,0,0,
0,23,23,23,23,23,23,27,20,21,23,23,20,21,21,21,21,20,23,23,23,23,18,19,0,0,23,23,23,23,23,23,23,23,27,23,23,23,23,23,20,28,21,21,23,28,21,20,20,20,23,19,16,27,23,23,23,20,18,19,16,17,18,19,16,0,0,0,0,0,0,0,0,0,0,0,0,0,0,0,
0,23,23,23,23,23,23,27,20,20,23,23,23,20,20,20,20,23,23,23,23,27,22,23,20,21,22,23,27,27,23,23,23,23,27,23,23,23,23,23,23,21,21,20,23,21,21,23,23,24,22,23,20,27,23,23,23,23,22,23,20,21,22,0,0,0,0,0,0,0,0,0,0,0,0,0,0,0,0,0,
0,23,23,23,23,23,23,27,23,23,27,23,23,23,23,23,23,23,23,23,27,20,21,27,24,25,26,27,24,25,23,23,23,23,27,23,23,23,23,23,23,21,20,23,23,21,20,23,20,28,24,27,23,23,27,23,23,23,26,27,24,25,26,0,0,0,0,0,0,0,0,0,0,0,0,0,0,0,0,0,
0,0,23,23,23,23,23,27,23,23,27,23,23,23,23,23,23,23,27,27,23,23,21,31,28,29,30,31,28,29,27,23,23,27,27,23,23,23,23,23,23,20,23,23,23,20,23,23,23,21,28,20,23,23,27,0,0,0,0,0,0,0,0,0,0,0,0,0,0,0,0,0,0,0,0,0,0,0,0,0,
0,0,23,23,23,23,23,27,23,23,27,23,23,23,23,23,23,27,20,23,23,23,20,19,16,17,18,19,16,17,18,27,27,27,23,23,23,17,27,23,23,23,23,23,23,23,23,23,23,21,21,23,23,23,0,0,0,0,0,0,0,0,0,0,0,0,0,0,0,0,0,0,0,0,0,0,0,0,0,0,
0,0,23,23,23,23,23,27,23,23,23,23,23,27,27,27,27,20,23,23,23,23,23,23,20,21,22,23,20,21,20,21,27,24,22,23,20,21,22,23,20,27,23,23,23,27,23,23,23,20,21,23,23,27,0,0,0,0,0,0,0,0,0,0,0,0,0,0,0,0,0,0,0,0,0,0,0,0,0,0,
0,0,0,23,23,23,23,23,27,23,23,23,23,23,23,23,23,23,23,23,27,27,23,21,21,21,21,21,21,25,23,20,21,28,26,27,24,25,26,27,24,25,23,23,23,23,27,23,23,23,20,23,27,0,0,0,0,0,0,0,0,0,0,0,0,0,0,0,0,0,0,0,0,0,0,0,0,0,0,0,
0,0,0,23,23,23,23,23,27,27,23,23,23,23,23,23,23,23,23,27,23,27,23,21,21,21,21,21,21,29,23,23,20,21,24,24,28,29,30,31,28,29,27,27,27,23,23,27,23,23,23,23,27,0,0,0,0,0,0,0,0,0,0,0,0,0,0,0,0,0,0,0,0,0,0,0,0,0,0,0,
0,0,0,0,0,0,0,0,23,23,27,27,23,23,23,23,23,23,27,23,23,27,27,20,20,20,20,20,20,21,23,23,20,21,28,28,24,17,18,19,16,17,18,19,16,27,27,27,23,23,23,27,23,23,0,0,0,0,0,0,0,0,0,0,0,0,0,0,0,0,0,0,0,0,0,0,0,0,0,0,
0,0,0,0,0,0,0,0,0,0,0,0,27,27,27,27,27,27,23,23,23,23,27,23,23,23,23,23,23,20,23,23,23,20,21,21,28,24,22,23,20,21,20,21,27,24,22,23,20,20,23,27,23,23,23,0,0,0,0,0,0,0,0,0,0,0,0,0,0,0,0,0,0,0,0,0,0,0,0,0,
0,0,0,0,0,0,0,0,0,0,0,0,0,0,0,0,23,23,23,23,23,23,27,23,23,23,23,23,23,0,0,23,23,0,0,0,21,28,24,27,24,25,20,20,21,27,24,27,20,23,27,27,23,23,23,0,0,0,0,0,0,0,0,0,0,0,0,0,0,0,0,0,0,0,0,0,0,0,0,0,
0,0,0,0,0,0,0,0,0,0,0,0,0,0,0,0,0,0,23,23,23,23,27,23,23,23,23,23,23,0,0,0,0,0,0,0,21,21,28,31,28,29,23,20,20,21,20,20,23,23,27,23,23,23,0,0,0,0,0,0,0,0,0,0,0,0,0,0,0,0,0,0,0,0,0,0,0,0,0,0,
0,0,0,0,0,0,0,0,0,0,0,0,0,0,0,0,0,0,23,23,23,23,27,27,27,27,27,27,27,0,0,0,0,0,0,0,20,21,21,19,16,17,23,23,20,20,23,23,23,23,27,23,23,0,0,0,0,0,0,0,0,0,0,0,0,0,0,0,0,0,0,0,0,0,0,0,0,0,0,0,
0,0,0,0,0,0,0,0,0,0,0,0,0,0,0,0,0,0,0,0,20,21,22,23,20,21,22,27,23,0,0,0,0,0,0,0,0,20,21,23,20,21,23,23,23,23,23,23,23,23,27,23,0,0,0,0,0,0,0,0,0,0,0,0,0,0,0,0,0,0,0,0,0,0,0,0,0,0,0,0,
0,0,0,0,0,0,0,0,0,0,0,0,0,0,0,0,0,0,0,0,24,25,26,27,24,25,26,27,27,0,0,0,0,0,0,0,0,0,20,27,24,25,23,23,23,23,23,23,23,27,23,23,0,0,0,0,0,0,0,0,0,0,0,0,0,0,0,0,0,0,0,0,0,0,0,0,0,0,0,0,
0,0,0,19,0,0,0,0,0,0,0,0,0,0,0,0,0,0,0,0,28,28,29,23,23,20,21,27,23,23,0,0,0,0,0,0,0,0,23,31,28,29,27,23,23,23,23,23,0,0,0,0,0,0,0,0,0,0,0,0,0,0,0,0,0,0,0,0,0,0,0,0,0,0,0,0,0,0,0,0,
0,0,0,23,19,19,19,0,0,0,0,0,0,0,0,0,0,0,0,0,28,20,21,23,23,20,21,27,23,23,0,0,0,0,0,0,0,0,0,19,16,17,18,27,23,23,27,27,0,0,0,0,0,0,0,0,0,0,0,0,0,0,0,0,0,0,0,0,0,0,0,0,0,0,0,0,0,0,0,0,
0,31,27,27,23,23,23,23,0,0,0,0,0,0,0,0,0,0,0,0,20,20,20,23,23,23,20,23,20,27,0,0,0,0,0,0,0,0,0,0,0,21,22,23,27,27,27,23,0,0,0,0,0,0,0,0,0,0,0,0,0,0,0,0,0,0,0,0,0,0,0,0,0,0,0,0,0,0,0,0,
0,19,31,31,27,27,27,27,23,0,0,0,0,0,0,0,0,0,0,0,20,23,23,27,23,23,23,16,17,0,0,0,0,0,0,0,0,0,0,0,0,25,26,50,24,25,26,27,57,0,0,0,0,0,0,0,0,0,0,20,21,27,24,0,0,0,0,0,0,0,0,0,0,0,0,0,0,0,0,0,
0,23,19,19,31,31,31,31,27,23,0,0,0,0,0,0,0,0,0,28,23,23,23,27,23,23,23,19,16,0,0,0,0,0,0,0,0,0,0,0,0,0,30,53,28,29,30,31,20,21,27,24,0,0,0,0,20,20,20,21,27,24,20,20,20,21,27,24,0,0,0,0,0,0,0,0,0,0,0,0,
0,27,23,23,19,19,19,19,31,27,23,0,0,0,0,0,0,0,0,20,23,23,23,27,23,23,23,19,16,17,0,0,0,0,0,0,0,0,0,0,0,0,18,19,16,17,18,19,23,20,21,27,24,24,0,0,23,23,20,20,20,20,21,27,24,20,20,21,27,24,0,0,0,0,0,0,0,0,0,0,
0,31,27,27,23,23,23,23,19,31,27,23,23,0,0,0,0,0,0,20,23,23,23,23,23,23,27,18,19,16,17,0,0,0,0,0,0,0,0,0,0,0,22,23,20,21,22,23,23,23,20,21,27,24,24,20,23,23,23,23,23,23,20,20,21,27,24,20,21,27,24,0,0,0,0,0,0,0,0,0,
0,19,31,31,27,27,27,27,23,19,31,27,27,23,0,0,0,0,28,23,23,23,23,23,23,23,27,18,19,16,17,18,0,0,0,0,0,0,0,0,0,0,26,27,24,25,26,27,23,23,23,20,20,20,20,23,23,23,23,23,23,23,23,23,20,21,28,23,20,21,27,24,0,0,0,0,0,0,0,0,
0,19,19,19,31,31,31,31,27,23,19,31,31,27,19,0,0,28,20,23,23,23,23,23,23,27,17,18,19,16,17,18,19,0,0,0,0,0,0,0,0,0,24,31,28,29,30,31,23,23,23,23,23,23,23,23,23,23,23,23,23,23,23,23,23,20,21,23,23,20,20,21,27,0,0,0,0,0,0,0,
0,16,17,18,19,19,19,19,31,27,23,19,19,31,23,0,28,20,20,23,23,23,23,23,23,27,18,19,16,17,18,19,19,20,0,0,23,23,0,0,0,0,28,24,16,17,52,19,27,23,23,23,23,23,23,23,27,27,23,23,23,23,23,23,23,20,21,23,23,23,20,20,21,27,0,0,0,0,0,0,
0,17,18,19,16,17,18,19,19,31,27,23,23,19,27,19,20,20,23,23,23,23,23,23,23,27,19,16,17,18,19,19,23,23,27,23,23,23,20,0,0,20,21,28,20,21,22,20,20,27,23,23,23,23,23,23,27,23,27,27,27,27,23,23,23,23,20,23,23,23,23,20,21,27,24,0,0,0,0,0,
0,0,17,18,19,16,17,18,19,19,31,27,27,23,31,23,20,23,23,23,23,23,23,23,27,27,17,18,19,19,19,23,27,23,23,27,23,23,23,21,23,23,21,21,24,25,26,23,20,20,27,23,23,23,23,27,23,23,23,21,23,0,27,27,23,23,23,27,23,23,23,23,20,21,27,24,0,0,0,0,
0,0,0,17,18,19,16,17,18,19,19,31,31,27,19,27,23,23,23,23,23,23,23,23,23,27,19,19,23,23,23,27,31,23,23,27,23,23,23,20,23,23,20,21,27,24,30,23,23,23,20,27,27,27,27,27,23,23,23,0,0,0,0,0,0,0,0,0,27,23,23,23,20,20,21,27,24,0,0,0,
0,0,0,0,16,17,18,19,16,17,18,19,19,31,23,31,23,23,23,23,23,23,23,23,27,19,19,23,27,27,27,31,19,23,23,27,23,23,23,23,23,23,20,20,21,27,24,23,23,23,23,23,27,23,23,23,23,20,20,0,0,0,0,0,0,0,0,0,0,27,23,23,23,20,21,27,24,0,0,0,
0,0,0,0,0,16,17,18,19,16,17,18,19,19,27,19,23,23,23,23,23,23,23,27,19,23,23,27,31,31,31,19,23,27,23,23,27,23,23,23,23,23,23,20,20,20,21,23,23,23,23,23,23,27,23,23,23,23,23,0,0,0,0,0,0,0,0,0,0,0,27,23,23,23,20,21,27,24,0,0,
0,0,0,0,0,0,16,17,18,19,16,17,18,19,31,23,23,23,23,23,23,23,27,23,23,27,27,31,19,19,19,23,27,23,27,27,27,23,23,23,27,23,23,23,23,20,20,27,23,23,23,23,23,23,23,27,23,23,0,0,0,0,0,0,0,0,0,0,0,0,0,27,23,23,23,20,21,28,0,0,
0,0,0,0,0,0,0,17,18,19,16,17,18,19,19,27,23,23,23,23,23,27,23,27,27,31,31,19,23,23,23,23,31,23,23,20,21,23,23,23,27,23,23,23,23,23,23,20,27,27,23,23,23,23,23,27,23,23,0,0,0,0,0,0,0,0,0,0,0,0,0,0,23,23,23,23,20,21,0,0,
0,0,0,0,0,0,0,0,17,18,19,16,17,18,19,31,27,23,19,19,31,31,27,31,31,19,19,23,27,27,27,23,19,27,23,23,20,23,23,23,23,27,23,23,23,23,23,23,23,20,27,27,23,23,23,27,23,23,0,0,0,0,0,0,0,0,0,0,0,0,0,0,27,23,23,23,20,21,0,0,
0,0,0,0,0,0,0,0,0,17,18,19,16,17,18,19,31,27,23,23,19,19,31,19,19,23,23,27,31,0,31,19,23,31,23,23,23,27,27,23,23,23,27,23,23,23,23,23,23,23,20,21,27,27,23,27,23,23,0,0,0,0,0,0,0,0,0,0,0,0,0,0,0,27,23,23,23,20,21,0,
0,0,0,0,0,0,0,0,0,0,18,19,16,17,18,19,19,31,27,27,23,23,19,23,23,27,0,0,0,0,0,0,23,23,27,23,23,27,23,27,27,23,23,27,27,23,23,23,23,23,23,20,21,27,27,27,23,0,0,0,0,0,0,0,0,0,0,0,0,0,0,0,0,0,27,23,23,23,0,0,
0,0,0,0,0,0,0,0,0,0,0,0,19,16,17,18,19,19,31,31,27,27,23,27,27,0,0,0,0,0,0,0,56,56,31,27,23,27,23,23,23,29,30,31,28,27,27,23,23,23,23,23,20,20,21,27,23,23,0,0,0,0,0,0,0,0,0,0,0,0,0,0,0,0,0,23,23,23,0,0,
0,0,0,0,0,0,0,0,0,0,0,0,0,18,19,16,17,18,19,19,31,31,27,31,31,0,0,0,0,0,0,0,0,0,19,31,23,27,23,23,23,24,24,19,16,17,18,27,27,23,23,23,20,23,20,21,28,24,0,0,0,0,0,0,0,0,0,0,0,0,0,0,0,0,0,0,0,0,0,0,
0,0,0,0,0,0,0,0,0,0,0,0,0,0,18,19,16,17,18,19,19,19,31,0,0,0,0,0,0,0,0,0,0,0,56,19,27,23,23,20,21,28,28,24,20,21,22,23,20,27,23,23,23,23,23,20,21,28,0,0,0,0,0,0,0,0,0,0,0,0,0,0,0,0,0,0,0,0,0,0,
0,0,0,0,0,0,0,0,0,0,0,0,0,0,0,0,0,0,0,0,0,0,0,0,0,0,0,0,0,0,0,0,0,0,0,56,31,23,23,23,20,21,21,28,24,25,26,0,0,0,27,23,23,23,23,20,21,21,0,0,0,0,0,0,0,0,0,0,0,0,0,0,0,0,0,0,0,0,0,0,
0,0,0,0,0,0,0,0,0,0,0,0,0,0,0,0,0,0,0,0,0,0,0,0,0,0,0,0,0,0,0,0,0,0,0,0,19,27,23,23,20,21,21,21,24,29,0,0,0,0,0,27,23,23,23,23,20,21,0,0,0,0,0,0,0,0,0,0,0,0,0,0,0,0,0,0,0,0,0,0,
0,0,0,0,0,0,0,0,0,0,0,0,0,0,0,0,0,0,0,0,0,0,0,0,0,0,0,0,0,0,0,0,0,0,0,0,56,20,23,23,23,20,20,21,28,0,0,0,0,0,0,0,23,27,23,23,23,20,0,0,0,0,0,0,0,0,0,0,0,0,0,0,0,0,0,0,0,0,0,0,
0,0,0,0,0,0,0,0,0,0,0,0,0,0,0,0,0,0,0,0,0,0,0,0,0,0,0,0,0,0,0,0,0,0,0,0,0,23,27,23,23,23,23,20,21,0,0,0,0,0,0,0,0,27,27,23,23,23,0,0,0,0,0,0,0,0,0,0,0,0,0,0,0,0,0,0,0,0,0,0,
0,0,0,0,0,0,0,0,0,0,0,0,0,0,0,0,0,0,0,0,0,0,0,0,0,0,0,0,0,0,0,0,0,0,0,0,0,23,23,27,23,23,23,23,21,0,0,0,0,0,0,0,0,0,0,0,0,0,0,0,0,0,0,0,0,0,0,0,0,0,0,0,0,0,0,0,0,0,0,0,
0,0,0,0,0,0,0,0,0,0,0,0,0,0,0,0,0,0,0,0,0,0,0,0,0,0,0,0,0,0,0,0,0,0,0,0,0,23,23,23,27,23,23,23,20,0,0,0,0,0,0,0,0,0,0,0,0,0,0,0,0,0,0,0,0,0,0,0,0,0,0,0,0,0,0,0,0,0,0,0,
0,0,0,0,0,0,0,0,0,0,0,0,0,0,0,0,0,0,0,0,0,0,0,0,0,0,0,0,0,0,0,0,0,0,0,0,0,23,23,23,27,23,23,23,23,0,0,0,0,0,0,0,0,0,0,0,0,0,0,0,0,0,0,0,0,0,0,0,0,0,0,0,0,0,0,0,0,0,0,0,
0,0,0,0,0,0,0,0,0,0,0,0,0,0,0,0,0,0,0,0,0,0,0,0,0,0,0,0,0,0,0,0,0,0,0,0,0,27,27,27,23,27,23,23,23,0,0,0,0,0,0,0,0,0,0,0,0,0,0,0,0,0,0,0,0,0,0,0,0,0,0,0,0,0,0,0,0,0,0,0

[layer]
type=object
data=
0,0,0,0,0,0,0,88,88,88,88,88,88,88,88,0,0,0,0,0,0,0,0,0,0,0,0,0,0,0,0,0,0,0,0,0,0,0,0,0,0,0,0,0,0,0,0,0,0,0,0,0,0,0,0,0,0,0,0,0,88,64,0,0,0,0,0,70,88,88,0,0,0,0,0,0,0,0,0,0,
0,0,0,0,0,0,0,88,88,114,101,73,88,88,88,88,0,0,0,0,0,0,0,0,0,0,0,0,0,0,88,88,88,0,0,0,0,0,0,0,0,0,0,0,0,0,0,0,0,0,0,0,0,0,0,0,0,0,0,0,88,68,0,0,0,0,0,81,77,88,88,0,0,0,0,0,0,0,0,0,
0,0,0,0,0,0,0,0,88,79,116,85,113,113,77,88,0,0,0,0,0,0,0,0,0,0,0,0,0,88,88,76,77,88,88,88,0,0,0,0,0,0,0,0,0,0,0,0,0,0,0,0,0,0,0,0,0,0,0,0,88,112,0,0,0,0,0,0,121,73,88,0,0,0,0,0,0,0,0,0,
0,0,0,0,0,0,0,0,88,88,68,0,0,0,85,73,88,0,0,0,0,0,0,0,0,0,0,0,88,88,102,103,81,65,73,88,88,0,0,0,0,0,0,0,0,0,0,0,0,0,0,0,0,0,0,0,0,0,0,0,88,100,0,0,0,0,0,0,0,70,88,0,0,0,0,0,0,0,0,0,
0,0,0,0,0,0,0,0,0,88,68,0,0,0,0,81,73,0,0,0,0,0,0,0,0,0,0,0,88,88,112,0,132,133,117,73,88,88,0,0,0,0,0,0,0,0,0,0,0,0,0,0,0,0,0,0,0,0,0,0,88,64,0,0,0,0,0,0,0,70,88,0,0,0,0,0,0,0,0,0,
0,0,0,0,0,0,0,0,0,88,96,0,0,0,0,0,70,88,0,0,0,0,0,0,0,0,0,88,102,69,84,0,0,0,0,121,101,73,88,0,0,0,0,0,0,0,0,0,0,0,0,0,0,0,0,0,0,0,0,0,88,100,0,0,0,0,0,0,0,70,88,0,0,0,0,0,0,0,0,0,
0,0,0,0,0,0,0,0,0,0,68,0,0,0,0,0,66,88,0,0,0,0,0,0,0,88,98,69,84,0,0,0,0,0,0,0,0,85,73,88,0,0,0,0,0,0,0,0,0,0,0,0,0,0,0,0,0,0,0,88,88,100,0,0,0,0,0,0,0,70,88,0,0,0,0,0,0,0,0,0,
0,0,0,0,0,0,0,0,0,88,112,0,0,0,0,0,66,88,0,0,0,0,0,0,0,88,79,87,0,0,0,0,0,163,0,0,0,0,81,77,88,0,0,0,0,0,0,0,0,0,0,0,0,0,0,0,88,88,88,88,72,80,0,0,0,0,0,0,0,66,88,0,0,0,0,0,0,0,0,0,
0,0,0,0,0,0,0,0,0,88,79,87,0,0,0,0,66,88,88,0,0,0,0,0,0,0,88,100,0,0,0,132,82,118,0,0,0,0,0,121,73,88,0,0,0,0,0,0,0,0,0,0,0,0,0,88,88,114,65,113,84,0,0,0,0,0,0,0,0,66,88,0,0,0,0,0,0,0,0,0,
0,0,0,0,0,0,0,0,0,88,88,100,0,0,0,0,117,77,88,88,0,0,0,0,0,0,88,75,87,0,0,0,81,99,135,0,0,0,0,0,70,88,88,0,0,0,0,0,0,0,0,0,0,0,88,88,76,80,0,0,0,0,0,0,0,0,0,0,0,66,88,0,0,0,0,0,0,0,0,0,
0,0,0,0,0,0,0,0,0,88,88,68,0,0,0,0,0,117,77,88,0,0,0,0,0,0,0,88,100,0,0,0,151,134,0,0,0,0,0,0,85,77,88,0,0,0,0,0,0,0,0,0,0,88,88,88,64,0,0,0,0,0,0,0,0,0,0,0,0,66,88,88,0,0,0,0,0,0,0,0,
0,0,0,0,0,0,0,0,88,88,114,103,0,0,0,0,0,0,85,73,88,0,0,0,0,0,0,88,75,120,0,0,132,0,0,0,0,0,0,0,0,66,88,88,0,0,0,0,0,0,0,0,88,88,114,65,80,0,0,0,0,0,0,0,0,0,0,0,0,81,77,88,88,0,0,0,0,0,0,0,
0,0,0,0,0,0,0,0,88,88,100,0,0,0,0,0,0,0,0,66,88,0,0,0,0,0,0,88,88,112,0,0,0,0,0,132,0,0,0,0,0,85,77,88,0,0,0,0,0,0,0,88,88,72,99,0,0,0,0,0,0,0,0,0,0,133,0,0,0,86,78,88,88,0,0,0,0,0,0,0,
0,0,0,0,0,0,0,0,0,88,96,0,0,0,0,0,0,0,0,70,88,88,0,0,0,0,0,0,88,79,116,0,0,0,0,0,0,0,0,0,0,0,70,88,88,0,0,0,0,0,88,88,102,99,0,0,0,0,0,0,0,0,135,0,150,151,0,0,0,66,88,88,88,0,0,0,0,0,0,0,
0,0,0,0,0,0,0,0,0,88,79,120,0,0,0,0,0,0,0,117,73,88,0,0,0,0,0,0,88,88,100,0,0,0,0,0,0,0,0,0,0,0,85,77,88,88,0,0,0,0,0,88,100,0,0,0,0,0,0,0,0,0,0,0,0,0,134,0,0,70,88,88,88,0,0,0,0,0,0,0,
0,0,0,0,0,0,0,0,0,0,88,64,0,0,0,0,0,0,0,0,66,88,0,0,0,0,0,0,0,88,96,0,0,0,0,0,0,0,0,0,0,0,0,121,73,88,0,0,0,0,0,88,68,0,0,0,0,0,0,0,0,0,0,0,0,162,0,0,0,81,77,88,0,0,0,0,0,0,0,0,
0,0,0,0,0,0,0,0,0,0,88,112,0,0,0,0,0,0,0,82,78,88,0,0,0,0,0,0,0,88,96,0,0,0,0,0,0,0,0,134,0,0,0,0,117,77,0,0,0,0,0,88,100,0,0,0,0,0,0,0,0,0,0,0,132,0,0,0,0,0,70,88,0,0,0,0,0,0,0,0,
0,0,0,0,0,0,0,0,0,0,88,79,83,0,0,0,0,0,0,70,88,88,0,0,0,0,0,0,0,88,68,0,0,0,0,0,0,0,0,0,0,0,0,0,0,121,77,88,0,0,0,88,100,0,0,0,0,0,0,133,0,0,0,0,0,0,0,0,0,0,66,88,88,0,0,0,0,0,0,0,
0,0,0,0,0,0,0,0,0,0,0,88,112,0,0,0,0,0,0,70,88,0,0,0,0,0,0,0,0,88,112,0,0,0,0,0,0,0,0,0,0,0,0,0,0,0,66,88,0,0,0,88,64,0,0,0,0,0,0,0,0,0,82,118,0,0,0,0,0,0,70,88,88,0,0,0,0,0,0,0,
88,88,88,0,0,0,0,0,0,0,0,88,75,87,0,0,0,0,0,85,73,88,0,0,0,0,0,0,0,88,96,0,0,0,0,0,0,0,0,0,0,0,0,0,0,0,81,77,88,0,0,88,112,0,0,0,0,0,0,0,134,0,117,80,0,0,0,0,0,0,121,77,88,88,0,0,0,0,0,0,
88,88,88,88,88,0,0,0,0,0,0,0,88,96,0,0,0,0,0,0,85,73,0,0,0,0,0,0,0,88,112,0,0,0,0,0,0,0,0,82,67,67,120,0,0,0,0,85,101,69,97,97,115,0,0,0,0,0,0,0,0,0,0,0,0,0,0,0,0,0,0,121,101,77,88,88,0,0,0,0,
88,98,101,77,88,88,0,0,0,0,0,0,88,100,0,0,0,0,0,0,0,66,88,0,0,0,0,0,0,88,64,0,0,0,0,0,0,0,0,70,88,88,79,120,0,0,0,0,0,0,0,0,0,0,0,0,0,0,0,82,71,118,0,0,0,0,0,0,0,0,0,0,0,117,73,88,0,0,0,0,
88,112,0,81,101,73,88,88,0,0,0,0,88,68,0,0,0,0,0,0,0,85,73,88,88,88,88,0,0,98,80,0,0,0,0,0,0,0,0,70,88,88,88,79,87,0,0,0,0,0,0,0,0,0,0,0,0,0,0,70,88,100,0,0,0,0,0,0,146,0,0,0,0,0,81,73,0,0,0,0,
88,64,0,0,0,81,73,88,0,0,0,0,88,75,83,0,0,0,0,0,0,0,121,65,101,97,97,77,88,64,0,0,0,0,0,0,0,0,0,81,77,88,88,88,75,120,0,0,0,0,0,0,0,0,0,0,0,0,0,81,65,103,0,0,135,0,0,134,149,152,0,0,0,0,0,66,0,0,0,0,
88,96,0,0,0,0,117,77,88,0,0,0,88,88,96,0,0,0,0,0,0,0,0,0,0,0,0,85,113,84,0,0,0,0,0,0,0,0,0,0,117,77,88,88,88,75,67,120,0,0,0,0,0,0,0,0,86,67,120,0,0,0,0,0,0,0,0,151,132,0,0,0,0,0,0,70,88,0,0,0,
88,75,120,0,0,0,0,70,88,0,0,0,88,76,80,0,0,0,0,0,0,0,0,0,0,0,0,0,0,0,0,0,0,0,0,0,0,0,0,0,0,117,73,88,88,88,88,79,71,83,0,0,0,0,0,86,78,88,100,0,0,0,0,0,0,0,0,0,0,0,0,0,0,0,82,78,88,0,0,0,
0,88,64,0,0,0,0,81,73,88,0,0,88,64,0,0,0,0,0,0,0,0,0,0,0,0,0,0,0,0,0,0,0,0,0,0,0,0,0,0,0,0,117,77,88,88,88,88,88,79,67,71,67,67,71,78,88,88,100,0,0,0,0,0,0,0,0,0,0,0,0,0,0,0,70,88,88,0,0,0,
0,88,79,118,0,0,0,0,70,88,0,0,88,112,0,0,0,0,0,0,0,0,0,0,0,0,0,0,0,0,0,0,0,0,0,0,0,0,0,0,0,0,0,70,88,88,88,88,88,88,88,88,88,88,88,88,88,114,84,0,0,0,0,0,0,0,0,0,0,0,0,0,0,0,66,88,0,0,0,0,
0,0,88,112,0,0,0,0,66,88,88,0,88,64,0,0,0,0,0,0,0,0,0,0,0,0,0,0,0,82,71,67,67,71,71,71,71,87,0,0,0,0,0,66,88,88,88,88,88,88,88,88,114,97,101,113,113,80,0,0,0,0,0,0,0,0,0,0,0,0,0,0,0,86,74,0,0,0,0,0,
0,0,88,68,0,0,0,0,121,77,88,88,88,75,87,0,0,0,0,0,0,0,0,0,0,0,0,0,0,66,88,88,88,88,88,88,88,64,0,0,0,0,0,70,88,88,88,88,114,69,97,69,84,0,0,0,0,0,0,0,0,0,0,0,0,0,0,0,0,0,0,86,71,74,88,0,0,0,0,0,
0,0,88,100,0,0,0,0,0,66,88,88,88,88,64,0,0,0,0,0,0,0,0,0,0,0,0,0,0,66,88,88,88,88,102,69,101,99,0,0,0,0,0,70,88,88,88,72,103,0,0,0,0,0,0,0,0,0,0,0,0,0,0,0,0,0,0,0,0,0,86,78,88,88,88,0,0,0,0,0,
0,0,88,100,0,0,0,0,0,70,88,88,88,88,68,0,0,0,0,0,0,0,0,0,0,86,67,67,71,81,73,88,88,88,79,118,0,0,0,0,0,0,0,121,77,88,88,96,0,0,0,0,0,0,0,0,0,0,0,0,0,0,0,0,0,0,0,82,71,71,74,88,88,88,0,0,0,0,0,0,
0,0,0,96,0,0,0,0,0,66,88,88,88,88,112,0,0,0,0,0,0,82,67,71,67,78,88,88,0,0,78,88,88,88,88,64,0,0,0,0,0,0,0,82,78,88,98,103,0,0,0,0,0,0,0,0,0,0,0,0,0,0,0,0,0,0,82,78,88,88,0,0,0,0,0,0,0,0,0,0,
88,0,0,68,0,0,0,0,0,81,73,88,88,72,84,0,0,0,0,0,0,70,88,88,88,88,88,88,88,88,88,88,88,88,88,112,0,0,0,0,0,0,0,70,88,88,68,0,0,0,0,0,0,0,0,0,0,0,0,0,0,0,0,0,0,0,66,88,88,0,0,0,0,0,0,0,0,0,0,0,
88,88,98,84,0,0,0,0,0,0,117,113,97,103,0,0,0,0,0,0,86,74,88,88,88,88,88,88,88,88,88,88,98,113,113,103,0,0,0,0,0,0,0,66,88,102,99,0,0,0,0,0,0,0,0,0,0,0,0,0,0,0,82,71,71,67,74,88,0,0,0,0,0,0,0,0,0,0,0,0,
88,88,112,0,0,0,0,0,0,0,0,0,0,0,0,0,0,0,0,0,66,88,88,88,88,88,88,88,88,88,88,88,64,0,0,0,0,0,0,0,0,0,0,66,88,112,0,0,0,0,0,0,0,0,0,0,0,0,0,0,0,0,66,88,88,88,88,88,0,0,0,0,0,0,0,0,0,0,0,0,
88,88,64,0,0,0,0,0,0,0,0,0,0,0,0,0,0,0,0,0,66,88,98,101,97,97,73,88,72,113,113,97,103,0,0,0,0,0,0,0,0,0,0,66,88,100,0,0,0,0,0,0,0,0,86,67,71,67,67,71,67,67,74,88,88,88,88,0,0,0,0,0,0,0,0,0,0,0,0,0,
88,88,64,0,0,0,0,0,0,0,0,0,0,0,0,0,0,0,0,0,81,69,103,0,0,0,70,88,112,0,0,0,0,0,0,0,0,0,0,0,0,0,82,78,88,100,0,0,0,0,0,0,0,86,78,88,88,88,88,88,88,88,88,88,0,0,0,0,0,0,0,0,0,0,0,0,0,0,0,0,
88,88,68,0,0,0,0,0,0,0,0,0,0,0,0,0,0,0,0,0,0,0,0,0,0,0,121,101,99,0,0,0,0,0,0,0,0,0,0,0,0,0,70,88,72,103,0,0,0,0,0,0,0,66,88,88,88,88,88,88,0,0,0,0,0,0,0,0,0,0,0,0,0,0,0,0,0,0,0,0,
88,88,100,0,0,0,0,0,0,0,0,0,0,0,0,0,0,0,0,0,0,0,0,0,0,0,0,0,0,0,0,0,0,0,0,0,0,0,0,0,0,0,81,113,103,0,0,0,0,0,0,0,82,78,88,88,88,88,0,0,0,0,0,0,0,0,0,0,0,0,0,0,0,0,0,0,0,0,0,0,
0,88,79,87,0,0,0,0,0,0,0,0,0,0,0,0,0,0,0,0,0,0,0,0,0,0,0,0,0,0,0,0,0,0,0,0,0,0,0,0,0,0,0,0,0,0,0,0,0,0,0,0,70,88,88,88,0,0,0,0,0,0,0,0,0,0,0,0,0,0,0,0,0,0,0,0,0,0,0,0,
0,0,88,75,67,83,0,0,0,0,0,0,0,0,0,0,0,0,0,0,0,0,0,0,0,0,0,0,0,0,0,0,0,0,0,0,0,0,0,0,0,0,0,0,0,0,0,0,0,0,0,0,66,88,88,88,88,0,0,0,0,0,0,0,0,0,0,0,0,0,0,0,0,0,0,0,0,0,0,0,
0,0,0,0,88,79,71,67,67,67,67,67,83,0,0,0,0,0,0,0,0,0,0,0,0,0,0,0,0,0,0,0,0,0,0,0,0,0,0,0,0,0,0,0,0,0,0,0,0,0,0,0,117,73,88,88,88,0,0,0,0,0,0,0,0,0,0,0,0,0,0,0,0,0,0,0,0,0,0,0,
0,0,0,0,0,88,88,88,88,88,88,88,79,67,71,71,87,0,0,0,0,0,0,0,0,0,0,0,0,0,0,0,0,86,71,71,71,87,0,0,0,0,0,0,0,0,0,0,0,0,0,0,0,117,73,88,88,0,0,0,0,0,0,0,0,0,0,0,0,0,0,0,0,0,0,0,0,0,0,0,
0,0,0,0,0,0,0,0,0,0,0,0,0,0,0,88,75,67,120,0,0,0,0,0,0,0,0,0,0,86,67,71,67,74,88,88,88,79,120,0,0,0,0,0,0,0,0,0,0,0,0,0,0,86,74,88,88,0,0,0,0,0,0,0,0,0,0,0,0,0,0,0,0,0,0,0,0,0,0,0,
0,0,0,0,0,0,0,0,0,0,0,0,0,0,0,0,88,88,79,116,0,0,0,0,0,0,0,0,82,78,88,88,88,88,0,0,0,88,96,0,0,0,0,0,0,0,0,0,0,0,0,0,82,78,88,88,0,0,0,0,0,0,0,0,0,0,0,0,0,0,0,0,0,0,0,0,0,0,0,0,
0,0,0,0,0,0,0,0,0,0,0,0,0,0,0,0,0,88,88,75,118,0,0,0,0,0,0,0,66,88,88,0,0,0,0,0,0,88,100,0,0,0,0,0,0,0,0,0,0,0,0,0,70,88,88,88,0,0,0,0,0,0,0,0,0,0,0,0,0,0,0,0,0,0,0,0,0,0,0,0,
0,0,0,0,0,0,0,0,0,0,0,0,0,0,0,0,0,0,0,88,68,0,0,0,0,0,0,0,70,88,0,0,0,0,0,0,0,88,112,0,0,0,0,0,0,0,0,0,0,0,0,86,78,88,88,0,0,0,0,0,0,0,0,0,0,0,0,0,0,0,0,0,0,0,0,0,0,0,0,0,
88,0,0,0,0,0,0,0,0,0,0,0,0,0,0,0,0,0,0,88,68,0,0,0,0,0,0,0,70,88,0,0,0,0,0,0,0,88,79,118,0,0,0,0,0,0,0,86,67,71,67,78,88,88,0,0,0,0,0,0,0,0,0,0,0,0,0,0,0,0,0,0,0,0,0,0,0,0,0,0,
0,88,88,88,88,88,0,0,0,0,0,0,0,0,0,0,0,0,0,88,79,83,0,149,150,0,0,0,121,73,88,0,0,0,0,0,0,88,88,64,0,0,0,0,0,0,0,66,88,88,88,88,88,0,0,0,0,0,0,0,0,0,0,0,0,0,0,0,0,0,0,0,0,0,0,0,0,0,0,0,
0,0,0,88,88,88,88,88,0,0,0,0,0,0,0,0,0,0,0,88,88,64,0,0,0,0,0,0,0,70,88,0,0,0,0,0,0,0,88,75,67,118,0,0,0,0,0,70,88,88,88,0,0,0,0,0,0,0,0,0,0,0,0,0,0,0,0,0,0,0,0,0,0,0,0,0,0,0,0,0,
0,0,0,88,88,98,73,88,88,88,0,0,0,0,0,0,0,0,0,0,88,96,0,0,0,0,0,0,82,74,88,0,0,0,0,0,0,0,0,88,88,75,120,0,0,0,0,70,88,88,0,0,0,0,0,0,0,0,0,0,0,0,0,88,0,0,0,0,0,0,0,0,0,0,0,0,0,0,0,0,
0,0,88,88,88,96,121,97,77,88,88,0,0,0,0,0,0,0,0,0,0,68,0,0,0,0,0,0,70,88,88,0,0,0,0,0,0,0,0,0,88,88,79,118,0,0,0,121,73,88,88,0,0,0,0,0,0,0,0,0,0,88,88,88,88,88,88,88,88,0,0,0,0,0,0,0,0,0,0,0,
0,88,88,102,69,80,0,0,121,73,88,88,0,0,0,0,0,0,0,88,88,112,0,0,0,0,0,0,70,88,88,0,0,0,0,0,0,0,0,0,0,88,88,112,0,0,0,0,85,77,88,88,0,0,0,0,0,0,88,88,88,114,97,113,101,101,69,97,77,88,0,0,0,0,0,0,0,0,0,0,
88,88,76,99,0,0,0,0,0,117,73,88,88,0,0,0,0,0,88,88,98,103,0,0,0,0,0,0,66,88,88,0,0,0,0,0,0,0,0,0,0,0,88,75,116,0,0,0,0,85,77,88,88,88,0,0,88,88,102,97,101,80,0,0,0,0,0,0,117,77,88,0,0,0,0,0,0,0,0,0,
0,88,68,0,0,0,0,0,0,0,121,73,88,88,0,0,0,0,0,72,115,0,0,0,0,0,0,0,81,77,88,88,88,0,0,0,0,0,0,0,0,0,88,88,100,0,0,0,0,0,121,97,101,97,101,101,69,97,115,0,0,0,0,0,0,0,0,0,0,117,77,88,0,0,0,0,0,0,0,0,
0,88,112,0,0,0,0,0,0,0,0,81,77,88,88,88,88,88,88,100,0,0,0,0,0,0,0,0,0,121,65,77,88,88,0,0,0,0,0,0,0,0,0,88,96,0,0,0,0,0,0,0,0,0,0,0,0,0,0,0,0,0,0,0,0,0,0,0,0,0,117,101,77,0,0,0,0,0,0,0,
0,88,100,0,0,0,0,0,0,0,0,0,117,65,73,88,88,88,98,103,0,0,0,0,0,0,0,0,0,0,0,121,73,88,88,0,0,0,0,0,0,0,0,88,68,0,0,0,0,0,0,0,0,0,0,0,0,0,0,0,0,0,0,0,0,0,0,0,0,0,0,0,70,88,0,0,0,0,0,0,
0,88,64,0,0,0,0,0,0,0,0,0,0,0,85,77,88,76,80,0,0,0,0,0,0,0,0,0,0,0,0,0,81,73,88,88,0,0,0,0,0,0,0,88,112,0,0,0,0,0,0,0,0,0,0,0,0,0,0,0,0,0,0,0,0,0,0,0,0,0,0,0,81,73,88,0,0,0,0,0,
0,88,112,0,0,0,0,0,0,0,0,0,0,0,0,81,113,103,0,0,0,0,0,0,0,0,0,0,0,0,86,120,0,81,73,88,88,88,88,0,0,0,88,88,96,0,0,0,0,0,0,0,0,0,0,0,0,0,0,0,0,0,0,0,0,0,0,0,0,0,0,0,0,81,73,88,0,0,0,0,
0,88,75,118,0,0,0,0,0,0,0,0,0,0,0,0,0,0,0,0,0,0,0,0,0,0,0,0,0,0,121,115,0,0,117,113,101,69,113,77,88,88,88,76,99,0,0,0,0,0,0,0,0,0,0,0,0,0,82,67,67,67,67,67,71,67,83,0,0,0,0,0,0,0,121,77,88,88,0,0,
0,88,88,79,83,0,0,0,0,0,0,0,0,0,0,0,0,0,0,0,0,0,0,0,0,0,0,0,0,0,0,0,0,0,0,0,0,0,0,121,69,65,65,103,0,0,0,0,0,0,0,0,0,0,0,0,0,0,70,88,88,88,88,88,88,88,75,67,116,0,0,0,0,0,0,81,77,88,0,0,
0,0,0,88,79,87,0,0,0,0,0,0,0,0,0,0,0,0,0,0,0,0,0,0,0,0,0,0,0,0,0,0,0,0,0,0,0,0,0,0,0,0,0,0,0,0,0,0,0,0,0,0,0,0,0,0,0,0,66,88,88,88,0,0,0,0,88,88,75,120,0,0,0,0,0,0,70,88,88,0,
0,0,0,0,88,79,87,0,0,0,0,0,0,0,0,0,0,0,144,0,0,0,0,0,0,0,0,0,0,0,0,0,133,0,0,0,0,0,0,0,0,0,0,0,0,0,0,0,0,0,0,0,0,0,0,0,0,82,78,88,88,0,0,0,0,0,0,88,88,75,120,0,0,0,0,0,117,73,88,0,
0,0,0,0,0,88,75,118,0,0,0,0,0,0,0,0,0,148,0,0,0,0,0,0,0,0,0,0,0,0,0,0,0,0,0,0,0,0,0,0,0,0,0,0,0,0,0,0,0,0,0,0,0,0,0,0,0,70,88,88,0,0,0,0,0,0,0,0,88,88,79,87,0,0,0,0,0,70,88,0,
0,0,0,0,0,0,88,79,118,0,0,0,0,0,0,0,0,0,0,0,0,0,0,0,0,0,0,0,0,0,0,0,0,0,0,0,0,86,67,118,0,0,0,0,0,0,0,0,0,0,0,0,0,0,0,0,0,70,88,88,0,0,0,0,0,0,0,0,0,88,88,75,83,0,0,0,0,66,88,88,
0,0,0,0,0,0,0,88,79,118,0,0,0,0,0,0,0,135,0,0,0,0,0,0,0,0,0,0,86,71,83,150,0,0,0,0,0,66,88,68,0,0,0,0,0,0,0,0,0,0,0,0,0,0,0,0,0,70,88,0,0,0,0,0,0,0,0,0,0,0,0,88,100,0,0,0,0,66,88,88,
0,0,0,0,0,0,0,0,88,75,116,0,0,0,0,0,0,0,0,0,0,0,0,0,0,86,67,71,78,88,79,67,120,0,0,0,0,117,101,99,0,0,0,0,0,0,0,0,0,0,0,0,0,0,0,0,82,78,0,0,0,0,0,0,0,0,0,0,0,0,0,0,79,71,118,0,0,85,73,88,
0,0,0,0,0,0,0,0,0,88,79,67,118,0,0,0,0,0,134,0,0,0,0,0,86,74,88,88,88,88,88,88,79,116,0,0,0,0,0,0,0,0,0,0,0,0,0,0,0,0,0,0,0,0,0,0,66,88,88,88,0,0,0,0,0,0,0,0,0,0,0,0,0,88,79,116,0,82,74,88,
0,0,0,0,0,0,0,0,0,0,0,0,79,120,0,0,0,0,0,0,0,0,0,0,70,88,88,0,0,0,0,88,88,79,118,0,0,0,0,0,0,0,0,0,0,0,0,0,0,0,0,0,0,0,0,0,81,73,88,88,0,0,0,0,0,0,0,0,0,0,0,0,0,0,88,79,67,78,88,88,
0,0,0,0,0,0,0,0,0,0,0,0,0,79,120,0,0,0,0,0,0,0,82,67,78,88,0,0,0,0,0,0,88,88,112,0,0,0,0,0,0,0,0,0,0,0,0,0,0,0,0,0,0,0,0,0,0,121,77,88,0,0,0,0,0,0,0,0,0,0,0,0,0,0,0,88,88,88,88,0,
0,0,0,0,0,0,0,0,0,0,0,0,0,0,75,67,71,71,71,71,71,67,74,88,88,88,0,0,0,0,0,0,0,88,75,116,0,0,0,0,0,0,0,0,0,0,86,67,71,83,0,0,0,0,0,0,0,0,70,88,0,0,0,0,0,0,0,0,0,0,0,0,0,0,0,0,88,88,0,0,
0,0,0,0,0,0,0,0,0,0,0,0,0,0,88,88,88,88,88,88,88,88,0,0,0,0,0,0,0,0,0,0,0,0,88,75,120,0,0,0,0,0,0,0,0,82,74,88,88,79,87,0,0,0,0,0,0,0,70,88,0,0,0,0,0,0,0,0,0,0,0,0,0,0,0,0,0,0,0,0,
0,0,0,0,0,0,0,0,0,0,0,0,0,0,0,0,88,0,0,0,0,0,0,0,0,0,0,0,0,0,0,0,0,0,88,88,68,0,0,0,0,0,0,0,86,78,88,0,0,88,79,83,0,0,0,0,0,86,74,88,0,0,0,0,0,0,0,0,0,0,0,0,0,0,0,0,0,0,0,0,
0,0,0,0,0,0,0,0,0,0,0,0,0,0,0,0,0,0,0,0,0,0,0,0,0,0,0,0,0,0,0,0,0,0,0,88,64,0,0,0,0,0,0,0,66,88,88,0,0,88,88,79,67,116,0,0,0,66,88,88,0,0,0,0,0,0,0,0,0,0,0,0,0,0,0,0,0,0,0,0,
0,0,0,0,0,0,0,0,0,0,0,0,0,0,0,0,0,0,0,0,0,0,0,0,0,0,0,0,0,0,0,0,0,0,0,88,75,116,0,0,0,0,0,0,66,88,0,0,0,0,88,88,88,79,67,71,67,74,88,0,0,0,0,0,0,0,0,0,0,0,0,0,0,0,0,0,0,0,0,0,
0,0,0,0,0,0,0,0,0,0,0,0,0,0,0,0,0,0,0,0,0,0,0,0,0,0,0,0,0,0,0,0,0,0,0,88,88,96,0,0,0,0,0,0,66,88,0,0,0,0,0,0,88,88,88,88,88,88,88,0,0,0,0,0,0,0,0,0,0,0,0,0,0,0,0,0,0,0,0,0,
0,0,0,0,0,0,0,0,0,0,0,0,0,0,0,0,0,0,0,0,0,0,0,0,0,0,0,0,0,0,0,0,0,0,0,88,88,96,0,0,0,0,0,0,66,88,88,0,0,0,0,0,0,0,0,0,0,0,0,0,0,0,0,0,0,0,0,0,0,0,0,0,0,0,0,0,0,0,0,0,
0,0,0,0,0,0,0,0,0,0,0,0,0,0,0,0,0,0,0,0,0,0,0,0,0,0,0,0,0,0,0,0,0,0,0,0,88,64,0,0,0,0,0,0,66,88,88,0,0,0,0,0,0,0,0,0,0,0,0,0,0,0,0,0,0,0,0,0,0,0,0,0,0,0,0,0,0,0,0,0,
0,0,0,0,0,0,0,0,0,0,0,0,0,0,0,0,0,0,0,0,0,0,0,0,0,0,0,0,0,0,0,0,0,0,0,0,0,80,0,0,0,0,0,0,66,88,88,0,0,0,0,0,0,0,0,0,0,0,0,0,0,0,0,0,0,0,0,0,0,0,0,0,0,0,0,0,0,0,0,0

[layer]
type=collision
data=
3,3,3,3,3,3,3,3,3,3,3,3,3,3,3,3,3,3,3,3,3,3,3,3,3,3,3,3,3,3,3,3,3,3,3,3,3,3,3,3,3,3,3,3,3,3,3,3,3,3,3,3,3,3,3,3,3,3,3,3,1,1,0,0,0,0,0,1,1,3,3,3,3,3,3,3,3,3,3,3,
3,3,3,3,3,3,3,3,3,1,1,1,1,3,3,3,3,3,3,3,3,3,3,3,3,3,3,3,3,3,3,3,3,3,3,3,3,3,3,3,3,3,3,3,3,3,3,3,3,3,3,3,3,3,3,3,3,3,3,3,1,1,0,0,0,0,0,0,1,3,3,3,3,3,3,3,3,3,3,3,
3,3,3,3,3,3,3,3,3,1,1,1,1,1,1,1,3,3,3,3,3,3,3,3,3,3,3,3,3,3,3,3,3,3,3,3,3,3,3,3,3,3,3,3,3,3,3,3,3,3,3,3,3,3,3,3,3,3,3,3,1,1,0,0,0,0,0,0,1,3,3,3,3,3,3,3,3,3,3,3,
3,3,3,3,3,3,3,3,3,1,1,0,0,0,0,1,3,3,3,3,3,3,3,3,3,3,3,3,3,3,1,1,1,1,3,3,3,3,3,3,3,3,3,3,3,3,3,3,3,3,3,3,3,3,3,3,3,3,3,3,1,1,0,0,0,0,0,0,1,3,3,3,3,3,3,3,3,3,3,3,
3,3,3,3,3,3,3,3,3,1,1,0,0,0,0,1,3,3,3,3,3,3,3,3,3,3,3,3,3,3,1,0,0,1,1,1,1,3,3,3,3,3,3,3,3,3,3,3,3,3,3,3,3,3,3,3,3,3,3,3,1,1,0,0,0,0,0,0,1,3,3,3,3,3,3,3,3,3,3,3,
3,3,3,3,3,3,3,3,3,1,1,0,0,0,0,1,3,3,3,3,3,3,3,3,3,3,3,3,1,1,1,0,0,0,0,0,1,1,3,3,3,3,3,3,3,3,3,3,3,3,3,3,3,3,3,3,3,3,3,3,1,1,0,0,0,0,0,0,1,3,3,3,3,3,3,3,3,3,3,3,
3,3,3,3,3,3,3,3,3,1,1,0,0,0,0,1,1,3,3,3,3,3,3,3,3,3,3,1,1,0,0,0,0,0,0,0,0,1,1,3,3,3,3,3,3,3,3,3,3,3,3,3,3,3,3,3,3,3,3,3,1,1,0,0,0,0,0,0,1,3,3,3,3,3,3,3,3,3,3,3,
3,3,3,3,3,3,3,3,3,1,1,0,0,0,0,0,1,1,3,3,3,3,3,3,3,3,3,1,0,0,0,0,0,0,0,0,0,0,1,1,1,3,3,3,3,3,3,3,3,3,3,3,3,3,3,3,1,1,1,1,1,1,0,0,0,0,0,0,1,3,3,3,3,3,3,3,3,3,3,3,
3,3,3,3,3,3,3,3,3,1,1,1,0,0,0,1,1,1,1,3,3,3,3,3,3,3,3,1,0,0,0,0,1,1,0,0,0,0,0,1,1,3,3,3,3,3,3,3,3,3,3,3,3,3,3,1,1,1,1,1,1,0,0,0,0,0,0,0,1,3,3,3,3,3,3,3,3,3,3,3,
3,3,3,3,3,3,3,3,3,3,1,1,0,0,0,0,1,1,1,1,3,3,3,3,3,3,3,1,1,0,0,0,1,1,0,0,0,0,0,0,1,1,3,3,3,3,3,3,3,3,3,3,3,3,3,1,1,0,0,0,0,0,0,0,0,0,0,0,1,3,3,3,3,3,3,3,3,3,3,3,
3,3,3,3,3,3,3,3,3,3,1,1,0,0,0,0,0,0,1,1,3,3,3,3,3,3,3,1,1,0,0,0,0,0,0,0,0,0,0,0,1,1,3,3,3,3,3,3,3,3,3,3,3,1,1,1,1,0,0,0,0,0,0,0,0,0,0,0,1,3,3,3,3,3,3,3,3,3,3,3,
3,3,3,3,3,3,3,3,3,1,1,1,0,0,0,0,0,0,1,1,1,3,3,3,3,3,3,3,1,1,0,0,0,0,0,0,0,0,0,0,0,1,1,3,3,3,3,3,3,3,3,3,1,1,1,1,1,0,0,0,0,0,0,0,0,0,0,0,1,3,3,3,3,3,3,3,3,3,3,3,
3,3,3,3,3,3,3,3,3,1,1,0,0,0,0,0,0,0,0,1,3,3,3,3,3,3,3,3,1,1,0,0,0,0,0,0,0,0,0,0,0,0,1,1,3,3,3,3,3,3,3,1,1,1,1,0,0,0,0,0,0,0,0,0,0,0,0,0,1,3,3,3,3,3,3,3,3,3,3,3,
3,3,3,3,3,3,3,3,3,3,1,0,0,0,0,0,0,0,0,1,3,3,3,3,3,3,3,3,3,1,1,0,0,0,0,0,0,0,0,0,0,0,1,1,3,3,3,3,3,3,3,1,1,1,0,0,0,0,0,0,0,0,0,0,4,4,0,0,1,1,3,3,3,3,3,3,3,3,3,3,
3,3,3,3,3,3,3,3,3,3,1,1,0,0,0,0,0,0,0,1,3,3,3,3,3,3,3,3,3,3,1,0,0,0,0,0,0,0,0,0,0,0,0,1,1,3,3,3,3,3,3,1,1,0,0,0,0,0,0,0,0,0,0,0,0,0,0,0,0,1,3,3,3,3,3,3,3,3,3,3,
3,3,3,3,3,3,3,3,3,3,1,1,0,0,0,0,0,0,1,1,3,3,3,3,3,3,3,3,3,3,1,0,0,0,0,0,0,0,0,0,0,0,0,0,1,1,3,3,3,3,3,1,1,0,0,0,0,0,0,0,0,0,0,0,0,0,0,0,0,1,3,3,3,3,3,3,3,3,3,3,
3,3,3,3,3,3,3,3,3,3,1,1,0,0,0,0,0,0,1,1,3,3,3,3,3,3,3,3,3,3,1,0,0,0,0,0,0,0,0,0,0,0,0,0,0,1,1,3,3,3,3,1,1,0,0,0,0,0,0,0,0,0,0,0,0,0,0,0,0,1,3,3,3,3,3,3,3,3,3,3,
3,3,3,3,3,3,3,3,3,3,1,1,1,0,0,0,0,0,0,1,1,3,3,3,3,3,3,3,3,1,1,0,0,0,0,0,0,0,0,0,0,0,0,0,0,0,1,3,3,3,3,1,1,0,0,0,0,0,0,0,0,0,0,0,0,0,0,0,0,1,1,1,3,3,3,3,3,3,3,3,
3,3,3,3,3,3,3,3,3,3,1,1,1,0,0,0,0,0,0,0,1,3,3,3,3,3,3,3,3,1,1,0,0,0,0,0,0,0,0,0,0,0,0,0,0,0,1,1,3,3,3,1,1,0,0,0,0,0,0,0,0,0,1,1,0,0,0,0,0,0,1,1,1,3,3,3,3,3,3,3,
3,3,3,3,3,3,3,3,3,3,3,1,1,1,0,0,0,0,0,0,1,1,3,3,3,3,3,3,3,1,1,0,0,0,0,0,0,0,1,1,1,0,0,0,0,0,1,1,1,1,1,1,1,0,0,0,0,0,0,0,0,0,1,1,0,0,0,0,0,0,0,1,1,1,3,3,3,3,3,3,
3,1,1,1,3,3,3,3,3,3,3,3,1,1,0,0,0,0,0,0,0,1,3,3,3,3,3,3,3,1,1,0,0,0,0,0,0,0,1,1,1,1,0,0,0,0,0,1,1,1,1,1,0,0,0,0,0,0,0,0,0,0,0,0,0,0,0,0,0,0,0,0,1,1,1,3,3,3,3,3,
1,1,1,1,1,3,3,3,3,3,3,3,1,1,0,0,0,0,0,0,0,1,1,3,3,1,3,3,1,1,1,0,0,0,0,0,0,0,1,1,1,1,1,0,0,0,0,0,0,0,0,0,0,0,0,0,0,0,0,1,1,1,0,0,0,0,0,0,0,0,0,0,0,1,1,3,3,3,3,3,
1,1,0,1,1,1,3,3,3,3,3,3,1,1,0,0,0,0,0,0,0,1,1,1,1,1,1,1,1,1,1,0,0,0,0,0,0,0,0,1,1,1,1,1,0,0,0,0,0,0,0,0,0,0,0,0,0,0,0,1,3,1,0,0,0,0,0,0,1,0,0,0,0,1,1,3,3,3,3,3,
1,1,0,0,0,1,1,3,3,3,3,3,1,1,1,0,0,0,0,0,0,0,1,1,1,1,1,1,1,1,0,0,0,0,0,0,0,0,0,0,1,1,1,1,1,0,0,0,0,0,0,0,0,0,0,1,1,0,0,1,1,1,0,0,0,0,0,0,1,0,0,0,0,1,1,3,3,3,3,3,
1,1,0,0,0,0,1,1,3,3,3,3,1,1,1,0,0,0,0,0,0,0,0,0,0,0,0,1,1,1,0,0,0,0,0,0,0,0,0,0,0,1,1,3,1,1,1,0,0,0,0,0,0,0,1,1,1,1,1,0,0,0,0,0,0,0,0,4,1,0,0,0,1,1,1,3,3,3,3,3,
1,1,1,0,0,0,0,1,3,3,3,3,1,1,1,0,0,0,0,0,0,0,0,0,0,0,0,0,0,0,0,0,0,0,0,0,0,0,0,0,0,0,1,3,3,3,1,1,1,1,1,1,1,1,1,3,3,1,1,0,0,0,0,0,0,0,0,0,0,0,0,0,1,1,3,3,3,3,3,3,
3,1,1,0,0,0,0,1,1,3,3,3,1,1,0,0,0,0,0,0,0,0,0,0,0,0,0,0,0,0,0,0,0,0,0,0,0,0,0,0,0,0,1,3,3,3,3,3,3,3,3,3,3,3,3,3,1,1,1,0,0,0,0,0,0,0,0,0,0,0,0,0,1,1,3,3,3,3,3,3,
3,1,1,1,0,0,0,0,1,3,3,3,1,1,0,0,0,0,0,0,0,0,0,0,0,0,0,0,1,1,1,1,1,1,1,1,0,0,0,0,0,0,1,3,3,3,3,3,3,3,3,1,1,1,1,1,1,1,1,0,0,0,0,0,0,0,0,0,0,1,1,1,1,1,3,3,3,3,3,3,
3,3,1,1,0,0,0,0,1,3,3,3,1,1,0,0,0,0,0,0,0,0,0,0,0,0,0,0,1,3,3,3,3,3,3,1,1,1,0,0,0,0,1,3,3,3,3,1,1,1,1,1,1,1,1,1,1,1,0,0,0,0,0,0,0,0,0,0,0,1,1,1,1,3,3,3,3,3,3,3,
3,3,1,1,0,0,0,0,1,3,3,3,1,1,1,0,0,0,0,0,0,0,0,0,0,0,0,0,1,3,3,3,3,1,1,1,1,1,0,0,0,0,1,3,3,3,1,1,1,1,1,1,1,0,0,0,0,0,0,0,0,0,0,0,0,1,1,1,1,1,1,3,3,3,3,3,3,3,3,3,
3,3,1,1,0,0,0,0,1,3,3,3,3,1,1,0,0,0,0,0,0,0,0,0,1,1,1,1,1,3,3,3,3,1,1,1,1,1,0,0,0,0,1,3,3,3,1,1,0,0,0,0,0,0,0,0,0,0,0,0,0,0,0,0,0,1,1,1,1,1,3,3,3,3,3,3,3,3,3,3,
3,3,1,1,0,0,0,0,1,1,3,3,3,1,1,0,0,0,0,0,1,1,1,1,1,3,3,3,3,3,3,3,3,1,1,1,0,0,0,0,0,0,1,3,3,1,1,1,0,0,0,0,0,0,0,0,0,0,0,0,0,0,0,0,1,1,1,3,3,3,3,3,3,3,3,3,3,3,3,3,
3,3,1,1,0,0,0,0,0,1,1,3,3,1,1,0,0,0,0,1,1,3,3,3,3,3,3,3,3,3,3,3,3,3,1,1,0,0,0,0,0,0,1,3,3,1,1,0,0,0,0,0,0,0,0,0,0,0,0,0,0,1,1,1,1,1,3,3,3,3,3,3,3,3,3,3,3,3,3,3,
3,1,1,1,0,0,0,0,0,1,1,1,1,1,1,0,0,0,0,1,3,3,3,3,3,3,3,3,3,3,3,1,1,1,1,1,0,0,0,0,0,0,1,3,1,1,1,0,0,0,0,0,0,0,0,0,0,0,0,0,0,1,1,1,1,1,3,3,3,3,3,3,3,3,3,3,3,3,3,3,
3,1,1,1,0,0,0,0,0,0,1,1,1,0,0,0,0,0,0,1,1,3,3,3,3,3,3,3,3,3,3,1,1,1,1,1,0,0,0,0,0,0,1,3,1,1,0,0,0,0,0,0,0,0,0,0,0,0,0,0,0,1,3,3,3,3,3,3,3,3,3,3,3,3,3,3,3,3,3,3,
3,1,1,0,0,0,0,0,0,0,0,0,0,0,0,0,0,0,0,1,1,1,1,1,1,1,3,1,1,1,1,1,1,0,0,0,0,0,0,0,0,0,1,3,1,1,0,0,0,0,0,0,0,1,1,1,1,1,1,1,1,1,3,3,3,3,3,3,3,3,3,3,3,3,3,3,3,3,3,3,
3,1,1,0,0,0,0,0,0,0,0,0,0,0,0,0,0,0,0,0,1,1,1,1,1,1,1,1,1,1,1,1,1,0,0,0,0,0,0,0,0,1,1,3,1,1,0,0,0,0,0,0,1,1,3,3,3,3,3,3,3,3,3,3,3,3,3,3,3,3,3,3,3,3,3,3,3,3,3,3,
3,1,1,0,0,0,0,0,0,0,0,0,0,0,0,0,0,0,0,0,1,1,1,0,0,0,1,1,1,0,0,0,0,0,0,0,0,0,0,0,0,1,1,1,1,1,0,0,0,0,0,0,1,3,3,3,3,3,3,3,3,3,3,3,3,3,3,3,3,3,3,3,3,3,3,3,3,3,3,3,
3,1,1,0,0,0,0,0,0,0,0,0,0,0,0,0,0,0,0,0,0,0,0,0,0,0,0,1,1,0,0,0,0,0,0,0,0,0,0,0,0,0,1,1,1,1,0,0,0,0,0,1,1,3,3,3,3,3,3,3,3,3,3,3,3,3,3,3,3,3,3,3,3,3,3,3,3,3,3,3,
3,1,0,0,0,0,0,0,0,0,0,0,0,0,0,0,0,0,0,0,0,0,0,0,0,0,0,0,0,0,0,0,0,0,0,0,0,0,0,0,0,0,1,1,1,0,0,0,0,0,0,1,1,3,3,3,3,3,3,3,3,3,3,3,3,3,3,3,3,3,3,3,3,3,3,3,3,3,3,3,
3,1,1,0,0,0,0,0,0,0,0,0,0,0,0,0,0,0,0,0,0,0,0,0,0,0,0,0,0,0,0,0,0,0,0,0,0,0,0,0,0,0,0,0,0,0,0,0,0,0,0,0,1,1,3,3,3,3,3,3,3,3,3,3,3,3,3,3,3,3,3,3,3,3,3,3,3,3,3,3,
3,3,1,1,1,1,1,1,1,1,0,0,0,0,0,0,0,0,0,0,0,0,0,0,0,0,0,0,0,0,0,0,0,0,0,0,0,0,0,0,0,0,0,0,0,0,0,0,0,0,0,0,0,1,3,3,3,3,3,3,3,3,3,3,3,3,3,3,3,3,3,3,3,3,3,3,3,3,3,3,
3,3,3,3,3,3,3,3,3,1,1,1,1,1,1,0,0,0,0,0,0,0,0,0,0,0,0,0,0,0,0,0,1,1,1,1,0,0,0,0,0,0,0,0,0,0,0,0,0,0,0,0,0,1,3,3,3,3,3,3,3,3,3,3,3,3,3,3,3,3,3,3,3,3,3,3,3,3,3,3,
3,3,3,3,3,3,3,3,3,3,3,3,3,1,1,1,1,0,0,0,0,0,0,0,0,0,0,0,1,1,1,1,1,3,1,1,1,1,0,0,0,0,0,0,0,0,0,0,0,0,0,0,1,1,3,3,3,3,3,3,3,3,3,3,3,3,3,3,3,3,3,3,3,3,3,3,3,3,3,3,
3,3,3,3,3,3,3,3,3,3,3,3,3,3,3,3,1,1,1,0,0,0,0,0,0,0,0,1,1,3,3,3,3,3,3,1,1,1,1,0,0,0,0,0,0,0,0,0,0,0,0,1,1,3,3,3,3,3,3,3,3,3,3,3,3,3,3,3,3,3,3,3,3,3,3,3,3,3,3,3,
3,3,3,3,3,3,3,3,3,3,3,3,3,3,3,3,3,1,1,1,0,0,0,0,0,0,0,1,3,3,3,3,3,3,3,3,3,1,1,0,0,0,0,0,0,0,0,0,0,0,0,1,3,3,3,3,3,3,3,3,3,3,3,3,3,3,3,3,3,3,3,3,3,3,3,3,3,3,3,3,
3,3,3,3,3,3,3,3,3,3,3,3,3,3,3,3,3,3,1,1,1,0,0,0,0,0,0,1,1,3,3,3,3,3,3,3,3,1,1,0,0,0,0,0,0,0,0,0,0,0,1,1,3,3,3,3,3,3,3,3,3,3,3,3,3,3,3,3,3,3,3,3,3,3,3,3,3,3,3,3,
3,3,3,3,3,3,3,3,3,3,3,3,3,3,3,3,3,3,3,1,1,0,0,0,0,0,0,0,1,3,3,3,3,3,3,3,3,1,1,0,0,0,0,0,0,0,1,1,1,1,1,3,3,3,3,3,3,3,3,3,3,3,3,3,3,3,3,3,3,3,3,3,3,3,3,3,3,3,3,3,
3,3,3,3,3,3,3,3,3,3,3,3,3,3,3,3,3,3,3,3,1,1,0,0,0,0,0,0,1,3,3,3,3,3,3,3,3,1,1,1,0,0,0,0,0,0,1,3,3,3,3,3,3,3,3,3,3,3,3,3,3,3,3,3,3,3,3,3,3,3,3,3,3,3,3,3,3,3,3,3,
3,3,3,3,3,3,3,3,3,3,3,3,3,3,3,3,3,3,3,3,1,1,0,4,4,0,0,0,1,3,3,3,3,3,3,3,3,3,1,1,1,0,0,0,0,0,1,1,3,3,3,3,3,3,3,3,3,3,3,3,3,3,3,3,3,3,3,3,3,3,3,3,3,3,3,3,3,3,3,3,
1,3,3,3,3,3,3,3,3,3,3,3,3,3,3,3,3,3,3,3,1,1,0,0,0,0,0,1,1,3,3,3,3,3,3,3,3,3,3,1,1,1,0,0,0,0,1,1,3,3,3,3,3,3,3,3,3,3,3,3,3,3,3,3,3,3,3,3,3,3,3,3,3,3,3,3,3,3,3,3,
3,3,3,1,1,1,1,3,3,3,3,3,3,3,3,3,3,3,3,3,1,1,0,0,0,0,0,1,3,3,3,3,3,3,3,3,3,3,3,3,1,1,1,0,0,0,1,1,1,3,3,3,3,3,3,3,3,3,3,3,3,3,3,3,3,3,3,3,3,3,3,3,3,3,3,3,3,3,3,3,
3,3,3,3,1,1,1,1,1,3,3,3,3,3,3,3,3,3,3,3,1,1,0,0,0,0,0,1,1,3,3,3,3,3,3,3,3,3,3,3,3,1,1,1,0,0,0,1,1,1,3,3,3,3,3,3,3,3,3,3,1,1,1,1,1,1,1,1,1,3,3,3,3,3,3,3,3,3,3,3,
3,3,1,1,1,0,0,0,1,1,3,3,3,3,3,3,3,3,3,3,1,1,0,0,0,0,0,1,1,1,3,3,3,3,3,3,3,3,3,3,3,3,1,1,0,0,0,0,1,1,1,3,3,3,3,3,3,1,1,1,1,1,1,1,1,1,1,1,1,1,1,3,3,3,3,3,3,3,3,3,
3,3,1,1,0,0,0,0,0,1,1,3,3,3,3,3,3,3,3,1,1,1,0,0,0,0,0,0,1,1,1,3,3,3,3,3,3,3,3,3,3,3,3,1,1,0,0,0,0,1,1,1,1,1,1,1,1,1,1,1,1,0,0,0,0,0,0,0,1,1,1,3,3,3,3,3,3,3,3,3,
3,1,1,0,0,0,0,0,0,0,1,1,3,3,3,3,3,3,3,1,1,0,0,0,0,0,0,0,1,1,1,1,3,3,3,3,3,3,3,3,3,3,3,1,1,0,0,0,0,0,1,1,1,1,1,1,1,1,1,0,0,0,0,0,0,0,0,0,0,1,1,1,3,3,3,3,3,3,3,3,
3,1,1,0,0,0,0,0,0,0,0,1,1,3,3,3,3,3,1,1,0,0,0,0,0,0,0,0,0,1,1,1,1,3,3,3,3,3,3,3,3,3,3,1,1,0,0,0,0,0,0,0,0,0,0,0,0,0,0,0,0,0,0,0,0,0,0,0,0,0,1,1,1,3,3,3,3,3,3,3,
3,1,1,0,0,0,0,0,0,0,0,0,1,1,1,3,3,1,1,1,0,0,0,0,0,0,0,0,0,0,0,1,1,1,3,3,3,3,3,3,3,3,3,1,1,0,0,0,0,0,0,0,0,0,0,0,0,0,0,0,0,0,0,0,0,0,0,0,0,0,0,1,1,1,3,3,3,3,3,3,
3,1,1,0,0,0,0,0,0,0,0,0,0,0,1,1,1,1,1,0,0,0,0,0,0,0,0,0,0,0,0,0,1,1,1,3,3,3,3,3,3,3,3,1,1,0,0,0,0,0,0,0,0,0,0,0,0,0,0,0,0,0,0,0,0,0,0,0,0,0,0,0,1,1,1,3,3,3,3,3,
3,1,1,0,0,0,0,0,0,0,0,0,0,0,0,1,1,1,0,0,0,0,0,0,0,0,0,0,0,0,1,1,0,1,1,1,1,1,1,1,3,3,1,1,1,0,0,0,0,0,0,0,0,0,0,0,0,1,1,1,1,1,1,1,1,1,0,0,0,0,0,0,0,1,1,1,3,3,3,3,
3,1,1,1,0,0,0,0,0,0,0,0,0,0,0,0,0,0,0,0,0,0,0,0,0,0,0,0,0,0,1,1,0,0,1,1,1,1,1,1,1,1,1,1,1,0,0,0,0,0,0,0,0,0,0,0,0,1,1,3,3,3,3,3,1,1,1,0,0,0,0,0,0,0,0,1,1,3,3,3,
3,3,1,1,1,0,0,0,0,0,0,0,0,0,0,0,0,0,0,0,0,0,0,0,0,0,0,0,0,0,0,0,0,0,0,0,0,0,0,1,1,1,1,1,0,0,0,0,0,0,0,0,0,0,0,0,0,1,3,3,3,3,3,3,3,1,1,1,0,0,0,0,0,0,0,0,1,3,3,3,
3,3,3,1,1,1,0,0,0,0,0,0,0,0,0,0,0,0,0,0,0,0,0,0,0,0,0,0,0,0,0,0,0,0,0,0,0,0,0,0,0,0,0,0,0,0,0,0,0,0,0,0,0,0,0,0,1,1,3,3,3,3,3,3,3,3,1,1,1,0,0,0,0,0,0,0,1,3,3,3,
3,3,3,3,1,1,1,0,0,0,0,0,0,0,0,0,0,0,4,0,0,0,0,0,0,0,0,0,0,0,0,0,0,0,0,0,0,0,0,0,0,0,0,0,0,0,0,0,0,0,0,0,0,0,0,0,1,3,3,3,3,3,3,3,3,3,3,1,1,1,0,0,0,0,0,0,1,3,3,3,
3,3,3,3,3,1,1,1,0,0,0,0,0,0,0,0,0,4,0,0,0,0,0,0,0,0,0,0,0,0,0,0,0,0,0,0,0,0,0,0,0,0,0,0,0,0,0,0,0,0,0,0,0,0,0,0,1,3,3,3,3,3,3,3,3,3,3,3,1,1,1,0,0,0,0,0,1,1,3,3,
3,3,3,3,3,3,1,1,1,0,0,0,0,0,0,0,0,0,0,0,0,0,0,0,0,0,0,0,0,0,0,0,0,0,0,0,0,1,1,1,0,0,0,0,0,0,0,0,0,0,0,0,0,0,0,0,1,3,3,3,3,3,3,3,3,3,3,3,3,1,1,1,0,0,0,0,0,1,3,3,
3,3,3,3,3,3,3,1,1,1,0,0,0,0,0,0,0,0,0,0,0,0,0,0,1,1,1,1,1,1,0,0,0,0,0,0,0,1,3,1,0,0,0,0,0,0,0,0,0,0,0,0,0,0,0,1,1,3,3,3,3,3,3,3,3,3,3,3,3,1,1,1,1,0,0,0,0,1,3,3,
3,3,3,3,3,3,3,3,3,1,1,0,0,0,0,0,0,0,0,0,0,0,0,1,1,3,3,3,1,1,1,1,1,0,0,0,0,1,1,1,0,0,0,0,0,0,0,0,0,0,0,0,0,0,0,0,1,1,3,3,3,3,3,3,3,3,3,3,3,3,3,1,1,0,0,0,1,1,3,3,
3,3,3,3,3,3,3,3,3,3,1,1,1,0,0,0,0,0,0,0,0,0,0,1,3,3,3,3,3,3,3,3,1,1,0,0,0,0,0,0,0,0,0,0,0,0,0,0,0,0,0,0,0,0,0,0,0,1,3,3,3,3,3,3,3,3,3,3,3,3,3,3,1,1,1,1,1,3,3,3,
3,3,3,3,3,3,3,3,3,3,3,1,1,0,0,0,0,0,0,0,0,1,1,1,3,3,3,3,3,3,3,3,3,1,1,0,0,0,0,0,0,0,0,0,0,0,0,0,0,0,0,0,0,0,0,0,0,1,3,3,3,3,3,3,3,3,3,3,3,3,3,3,3,3,3,3,3,3,3,3,
3,3,3,3,3,3,3,3,3,3,3,3,1,1,1,1,1,1,1,1,1,1,3,3,3,3,3,3,3,3,3,3,3,3,1,0,0,0,0,0,0,0,0,0,0,1,1,0,0,0,0,0,0,0,0,0,0,1,3,3,3,3,3,3,3,3,3,3,3,3,3,3,3,3,3,3,3,3,3,3,
3,3,3,3,3,3,3,3,3,3,3,3,3,3,3,3,3,3,3,3,3,3,3,3,3,3,3,3,3,3,3,3,3,3,1,1,0,0,0,0,0,0,0,0,1,1,1,1,0,0,0,0,0,0,0,0,0,1,3,3,3,3,3,3,3,3,3,3,3,3,3,3,3,3,3,3,3,3,3,3,
3,3,3,3,3,3,3,3,3,3,3,3,3,3,3,3,3,3,3,3,3,3,3,3,3,3,3,3,3,3,3,3,3,3,3,1,1,0,0,0,0,0,0,1,1,3,3,1,1,1,0,0,0,0,0,0,1,1,3,3,3,3,3,3,3,3,3,3,3,3,3,3,3,3,3,3,3,3,3,3,
3,3,3,3,3,3,3,3,3,3,3,3,3,3,3,3,3,3,3,3,3,3,3,3,3,3,3,3,3,3,3,3,3,3,3,3,1,0,0,0,0,0,0,1,3,3,3,3,3,1,1,0,0,0,0,0,1,3,3,3,3,3,3,3,3,3,3,3,3,3,3,3,3,3,3,3,3,3,3,3,
3,3,3,3,3,3,3,3,3,3,3,3,3,3,3,3,3,3,3,3,3,3,3,3,3,3,3,3,3,3,3,3,3,3,3,3,1,0,0,0,0,0,0,1,3,3,3,3,3,3,1,1,1,1,1,1,1,3,3,3,3,3,3,3,3,3,3,3,3,3,3,3,3,3,3,3,3,3,3,3,
3,3,3,3,3,3,3,3,3,3,3,3,3,3,3,3,3,3,3,3,3,3,3,3,3,3,3,3,3,3,3,3,3,3,3,3,1,0,0,0,0,0,0,1,3,3,3,3,3,3,3,3,3,3,3,3,3,3,3,3,3,3,3,3,3,3,3,3,3,3,3,3,3,3,3,3,3,3,3,3,
3,3,3,3,3,3,3,3,3,3,3,3,3,3,3,3,3,3,3,3,3,3,3,3,3,3,3,3,3,3,3,3,3,3,3,3,1,1,0,0,0,0,0,1,3,3,3,3,3,3,3,3,3,3,3,3,3,3,3,3,3,3,3,3,3,3,3,3,3,3,3,3,3,3,3,3,3,3,3,3,
3,3,3,3,3,3,3,3,3,3,3,3,3,3,3,3,3,3,3,3,3,3,3,3,3,3,3,3,3,3,3,3,3,3,3,3,3,1,0,0,0,0,0,1,1,3,3,3,3,3,3,3,3,3,3,3,3,3,3,3,3,3,3,3,3,3,3,3,3,3,3,3,3,3,3,3,3,3,3,3,
3,3,3,3,3,3,3,3,3,3,3,3,3,3,3,3,3,3,3,3,3,3,3,3,3,3,3,3,3,3,3,3,3,3,3,3,3,1,0,0,0,0,0,0,1,3,3,3,3,3,3,3,3,3,3,3,3,3,3,3,3,3,3,3,3,3,3,3,3,3,3,3,3,3,3,3,3,3,3,3,
3,3,3,3,3,3,3,3,3,3,3,3,3,3,3,3,3,3,3,3,3,3,3,3,3,3,3,3,3,3,3,3,3,3,3,3,3,1,0,0,0,0,0,0,1,3,3,3,3,3,3,3,3,3,3,3,3,3,3,3,3,3,3,3,3,3,3,3,3,3,3,3,3,3,3,3,3,3,3,3

[event]
# to Solitary River
type=event
location=39,78,4,1
activate=on_trigger
hotspot=location
intermap=maps/07_solitary_river.txt,42,17
tooltip=Solitary River

[event]
# Crate
type=event
location=12,68,1,1
activate=on_trigger
hotspot=location
loot=loot/level_6.txt
mapmod=object,12,68,179
repeat=false
soundfx=soundfx/wood_open.ogg
tooltip=Crate

[event]
# Barrel
type=event
location=65,15,1,1
activate=on_trigger
hotspot=location
loot=loot/level_6.txt
mapmod=object,65,15,178
repeat=false
soundfx=soundfx/wood_open.ogg
tooltip=Barrel

[event]
# Treasure Chest
type=event
location=3,39,1,1
activate=on_trigger
hotspot=location
loot=loot/level_6.txt
mapmod=object,3,39,176
repeat=false
soundfx=soundfx/wood_open.ogg
tooltip=Treasure Chest

[event]
# Crate
type=event
location=33,7,1,1
activate=on_trigger
hotspot=location
loot=loot/level_6.txt
mapmod=object,33,7,179
repeat=false
soundfx=soundfx/wood_open.ogg
tooltip=Crate

[event]
# Cave wind sound effect
type=event
location=0,0,1,1
activate=on_load
soundfx=soundfx/environment/cave_wind_loop.ogg

[event]
# Water dripping
type=event
location=16,9,1,1
activate=on_load
soundfx=soundfx/environment/cave_droplets_loop.ogg

[event]
# Water dripping
type=event
location=8,39,1,1
activate=on_load
soundfx=soundfx/environment/cave_droplets_loop.ogg

[event]
# Water dripping
type=event
location=20,66,1,1
activate=on_load
soundfx=soundfx/environment/cave_droplets_loop.ogg

[event]
# Water dripping
type=event
location=61,15,1,1
activate=on_load
soundfx=soundfx/environment/cave_droplets_loop.ogg

[event]
# Water dripping
type=event
location=37,17,1,1
activate=on_load
soundfx=soundfx/environment/cave_droplets_loop.ogg

[event]
# Water dripping
type=event
location=23,49,1,1
activate=on_load
soundfx=soundfx/environment/cave_droplets_loop.ogg

[event]
# Water dripping
type=event
location=43,45,1,1
activate=on_load
soundfx=soundfx/environment/cave_droplets_loop.ogg

[event]
# to Glacial Plains
type=event
location=62,1,4,1
activate=on_trigger
hotspot=location
intermap=maps/09_glacial_plains.txt,56,95
tooltip=Glacial Plains

[enemy]
type=enemy
location=31,62,3,3
category=brute
level=6
number=1

[enemy]
type=enemy
location=43,62,5,5
category=brute
level=6
number=1

[enemy]
type=enemy
location=46,56,4,4
category=archer
level=6
number=1

[enemy]
type=enemy
location=23,58,4,4
category=archer
level=6
number=1

[enemy]
type=enemy
location=23,55,2,2
category=mage
level=6
number=1

[enemy]
type=enemy
location=37,61,2,2
category=mage
level=6
number=1

[enemy]
type=enemy
location=14,63,3,3
category=brute
level=6
number=1

[enemy]
type=enemy
location=35,37,3,3
category=brute
level=6
number=1

[enemy]
type=enemy
location=14,36,3,3
category=brute
level=6
number=1

[enemy]
type=enemy
location=16,20,3,3
category=brute
level=6
number=1

[enemy]
type=enemy
location=33,21,3,3
category=brute
level=6
number=1

[enemy]
type=enemy
location=48,34,3,3
category=brute
level=6
number=1

[enemy]
type=enemy
location=63,25,3,3
category=brute
level=6
number=1

[enemy]
type=enemy
location=55,16,3,3
category=brute
level=6
number=1

[enemy]
type=enemy
location=52,57,2,2
category=archer
level=6
number=1

[enemy]
type=enemy
location=66,56,2,2
category=archer
level=6
number=1

[enemy]
type=enemy
location=52,31,2,2
category=archer
level=6
number=1

[enemy]
type=enemy
location=33,15,2,2
category=archer
level=6
number=1

[enemy]
type=enemy
location=57,12,2,2
category=archer
level=6
number=1

[enemy]
type=enemy
location=65,19,2,2
category=archer
level=6
number=1

[enemy]
type=enemy
location=13,15,2,2
category=archer
level=6
number=1

[enemy]
type=enemy
location=10,36,2,2
category=archer
level=6
number=1

[enemy]
type=enemy
location=10,58,2,2
category=archer
level=6
number=1

[enemy]
type=enemy
location=8,61,2,2
category=mage
level=6
number=1

[enemy]
type=enemy
location=4,28,2,2
category=mage
level=6
number=1

[enemy]
type=enemy
location=15,12,2,2
category=mage
level=6
number=1

[enemy]
type=enemy
location=42,17,2,2
category=mage
level=6
number=1

[enemy]
type=enemy
location=60,28,2,2
category=mage
level=6
number=1

[enemy]
type=enemy
location=69,20,2,2
category=mage
level=6
number=1

[enemy]
type=enemy
location=70,60,2,2
category=mage
level=6
number=1

