[header]
width=70
height=70
tilewidth=64
tileheight=32
orientation=isometric
background_color=0,0,0,255
hero_pos=39,66
music=music/dungeon_theme.ogg
tileset=tilesetdefs/tileset_dungeon.txt
title=Lionheart's Keep Level 1

[tilesets]
tileset=../../../tiled/dungeon/tiled_collision.png,64,32,0,0
tileset=../../../tiled/dungeon/tiled_dungeon.png,64,128,0,0
tileset=../../../tiled/dungeon/set_rules.png,64,32,0,0
tileset=../../../tiled/dungeon/tiled_dungeon_2x2.png,128,64,0,16
tileset=../../../tiled/dungeon/door_left.png,64,128,-16,-8
tileset=../../../tiled/dungeon/door_right.png,64,128,16,-8
tileset=../../../tiled/dungeon/stairs.png,256,256,0,48

[layer]
type=background
data=
0,0,0,0,0,0,0,0,0,0,0,0,0,0,0,0,0,0,0,0,0,0,0,0,0,0,0,0,0,0,0,0,0,0,0,0,0,0,0,0,0,0,0,0,0,0,0,0,0,0,0,0,0,0,0,0,0,0,0,0,0,0,0,0,0,0,0,0,0,0,
0,46,46,46,46,46,46,36,43,17,37,46,17,17,17,45,43,43,45,43,43,43,45,45,17,17,42,17,39,46,38,45,36,44,46,45,41,42,47,47,16,38,36,43,19,36,17,44,44,44,46,37,38,43,17,19,41,18,42,38,40,38,18,44,38,38,17,47,44,0,
0,16,16,16,16,46,36,43,17,37,46,17,17,17,45,43,45,45,46,45,45,45,43,43,45,45,17,17,46,46,46,36,43,17,37,46,17,17,19,16,38,19,17,38,44,45,43,37,42,45,46,42,45,38,45,46,36,43,17,37,46,17,17,17,42,37,36,43,44,0,
0,47,47,47,47,46,36,43,17,37,46,17,17,45,43,45,46,46,39,46,46,46,45,45,43,43,45,45,17,16,46,46,46,46,46,36,43,17,37,46,17,17,38,38,45,46,47,19,18,46,46,46,46,46,46,16,46,46,36,43,17,37,46,17,17,41,17,37,43,0,
0,39,39,46,36,0,0,37,46,17,17,17,45,43,45,46,39,39,41,39,39,39,46,46,45,45,43,43,45,47,16,16,16,16,46,46,46,46,46,46,46,46,36,43,17,37,46,17,17,16,16,16,16,16,16,47,16,46,36,43,17,37,46,17,17,31,38,37,45,0,
0,42,42,46,36,264,0,37,46,17,17,45,43,45,46,39,41,41,18,41,41,41,39,39,46,46,45,45,43,39,47,47,46,46,16,16,16,16,16,16,16,16,46,46,46,36,43,17,37,47,47,47,47,47,47,39,46,36,43,17,37,46,17,17,45,20,39,38,44,0,
0,46,46,46,36,43,17,37,46,17,17,43,45,46,39,41,37,18,38,16,38,18,41,41,39,39,46,46,45,42,39,39,16,16,47,47,47,47,47,47,47,47,16,16,16,46,46,36,43,39,39,39,39,39,39,42,16,43,47,39,19,39,41,45,43,20,47,40,17,0,
0,45,45,46,36,43,17,37,46,17,17,45,46,39,41,42,42,45,37,18,38,16,38,18,41,41,39,39,46,46,42,42,47,47,39,39,39,39,39,39,39,39,47,47,47,16,16,46,46,42,42,42,42,42,42,46,47,18,47,36,43,40,17,43,45,20,47,19,47,0,
0,16,46,36,43,17,37,46,17,17,45,46,39,41,46,46,46,42,46,45,37,18,38,16,38,18,41,41,39,45,46,46,39,39,42,42,42,42,42,42,42,42,39,39,39,47,47,16,46,46,46,46,46,46,46,45,39,44,42,40,39,47,41,45,46,17,44,47,44,0,
0,46,17,17,43,17,37,46,17,17,43,39,41,45,45,45,45,46,45,46,46,45,37,18,38,16,38,18,41,45,45,45,42,42,46,46,46,46,46,46,46,46,42,42,42,39,39,47,46,45,45,45,45,45,17,38,18,45,37,18,19,46,36,46,39,45,37,16,39,0,
0,39,41,45,43,17,37,46,17,17,45,41,36,45,37,18,38,45,37,45,45,45,37,18,38,16,38,18,41,16,38,18,46,46,45,45,45,45,45,45,45,45,46,46,46,42,42,39,46,36,43,17,47,45,45,0,0,0,0,17,46,17,42,39,41,43,40,17,47,0,
0,40,17,43,43,17,37,46,17,17,46,16,46,46,45,37,18,38,16,38,18,41,39,39,41,37,18,38,16,38,18,18,18,41,45,45,45,42,16,38,18,41,45,45,45,46,46,42,46,36,43,17,39,47,43,46,40,0,0,19,16,38,18,41,39,45,47,38,18,0,
0,47,41,45,43,17,37,46,17,17,39,47,16,16,46,45,37,18,38,16,38,18,41,41,45,37,18,38,16,38,18,18,18,18,18,41,45,45,45,42,41,41,41,39,39,45,45,46,36,43,17,37,42,39,45,0,0,0,0,18,16,38,18,41,41,46,43,18,16,0,
0,46,36,46,43,17,37,46,17,17,41,39,47,47,16,46,36,43,17,37,46,46,46,45,37,45,37,18,38,16,38,38,38,18,18,18,41,45,45,45,42,18,41,46,36,43,17,37,46,17,17,37,46,42,46,286,0,0,0,43,38,16,38,18,41,39,46,18,47,0,
0,17,42,39,43,17,37,46,17,17,46,42,39,39,47,16,46,36,43,17,37,16,16,45,37,45,37,18,38,16,38,38,38,38,38,18,18,18,41,45,45,45,42,16,46,36,43,17,37,46,17,17,45,46,39,36,38,39,16,44,18,38,16,38,18,41,42,36,17,0,
0,38,18,41,43,17,37,46,17,17,45,46,42,42,39,47,16,46,36,43,17,47,47,45,37,45,37,18,38,16,38,18,18,38,38,38,18,18,18,41,45,45,45,42,16,46,36,43,17,37,46,17,17,45,46,46,42,39,45,37,18,38,16,38,18,41,44,36,39,0,
0,38,18,41,43,17,37,46,17,17,37,45,46,46,42,39,47,16,46,46,36,39,39,45,37,18,45,37,18,38,16,18,18,18,18,38,38,38,18,18,41,45,45,45,42,16,46,36,43,17,37,46,17,17,45,45,46,42,45,37,18,38,16,38,18,41,43,17,46,0,
0,38,18,41,43,17,37,46,17,17,37,18,45,45,46,42,39,47,16,16,46,42,42,45,37,18,45,37,18,38,16,38,18,18,18,18,38,38,18,41,45,45,45,42,42,47,46,36,43,17,37,46,17,17,46,47,45,46,45,37,18,38,16,38,18,41,18,38,16,0,
0,18,41,46,17,17,37,46,17,17,37,18,38,16,45,46,46,36,43,17,37,46,46,45,37,18,38,45,37,18,38,16,38,18,41,18,18,18,18,41,16,38,18,46,46,39,16,46,46,36,43,17,37,46,17,39,47,45,45,37,18,38,16,38,18,41,17,17,37,0,
0,18,41,39,45,37,46,17,17,45,37,18,38,16,38,45,16,46,36,43,17,45,45,46,45,37,18,38,45,37,18,38,16,38,18,41,18,18,38,16,38,18,41,45,45,42,47,16,46,36,43,17,37,46,17,42,39,16,45,37,18,38,16,38,18,41,46,17,17,0,
0,38,18,41,43,37,46,17,17,43,37,18,38,16,38,18,47,46,36,46,36,45,37,45,45,37,18,38,16,45,37,18,38,16,38,18,41,47,38,16,38,18,41,39,39,46,39,47,16,46,36,43,17,37,46,46,42,47,46,47,16,46,36,43,17,37,46,17,17,0,
0,38,18,41,45,37,46,17,17,45,37,18,38,16,38,18,39,16,46,16,43,45,37,18,45,45,37,18,38,16,38,18,41,41,46,43,46,46,18,38,16,38,18,41,41,45,42,39,47,46,36,43,17,37,46,45,46,39,46,39,47,46,36,43,17,37,46,17,17,0,
0,38,18,41,46,37,46,17,17,46,37,18,38,16,38,18,42,47,16,47,18,47,45,37,18,45,45,37,18,38,16,38,18,41,39,45,16,16,18,38,16,38,18,41,41,18,46,42,39,46,36,43,17,37,46,45,45,42,46,42,39,46,36,43,17,37,46,17,17,0,
0,38,18,41,39,37,46,17,17,39,37,18,38,16,38,18,46,39,46,39,44,42,45,37,18,38,46,45,37,18,38,16,38,18,41,46,17,47,16,16,16,46,46,36,43,17,45,46,42,16,43,47,39,19,39,45,37,46,46,46,42,46,36,43,17,37,46,17,17,0,
0,16,38,18,41,17,46,17,17,41,37,18,38,16,38,18,45,42,16,42,36,18,39,45,37,18,45,45,37,18,38,16,38,18,41,39,45,17,47,47,47,16,16,46,36,43,45,45,46,47,18,47,36,43,40,17,45,45,46,45,46,16,43,47,39,19,39,41,45,0,
0,16,38,18,41,45,46,17,17,45,37,18,38,16,38,18,41,46,47,46,43,18,16,45,37,18,38,46,45,37,18,38,16,38,18,41,43,45,17,17,17,47,47,16,46,36,43,46,45,39,44,42,40,39,47,41,45,37,46,45,45,47,18,47,36,43,40,17,43,0,
0,16,38,18,41,43,46,17,17,45,37,18,38,16,38,18,41,45,39,45,37,18,38,16,45,37,18,45,45,37,18,38,16,38,18,41,45,43,45,45,45,17,17,47,16,46,36,45,46,42,36,18,39,19,46,36,45,37,46,45,37,39,44,42,40,39,47,41,45,0,
0,16,38,18,41,45,46,17,17,45,37,18,38,16,38,18,41,43,42,45,37,18,38,16,38,45,37,18,38,16,38,18,41,41,39,46,46,45,43,43,43,45,45,17,17,16,46,36,45,46,43,18,16,46,17,42,45,37,46,45,37,42,36,18,39,19,46,36,46,0,
0,16,38,18,41,46,17,17,45,45,37,18,38,16,38,18,41,36,46,45,37,18,38,16,38,18,41,45,37,18,38,16,38,18,41,39,39,46,45,45,45,43,43,45,45,17,16,46,36,45,37,18,38,16,38,18,45,37,46,45,37,46,43,18,16,46,17,42,0,0,
0,16,38,18,41,39,45,17,43,45,37,18,38,16,38,18,41,46,45,37,18,38,16,38,18,41,39,39,45,37,18,38,16,38,18,41,41,39,46,46,46,45,45,43,43,45,17,17,46,36,43,17,37,46,17,17,45,37,46,45,37,45,37,18,38,16,38,18,41,0,
0,38,16,38,18,41,43,45,45,45,37,18,38,16,38,18,41,46,36,45,37,18,38,16,38,18,41,41,41,39,45,37,18,38,16,38,18,41,39,39,39,46,46,45,45,43,45,45,17,17,43,17,37,46,17,17,45,37,46,36,45,37,18,38,16,38,18,41,17,0,
0,38,16,38,18,41,45,43,46,37,18,38,16,38,18,41,39,46,36,43,17,37,45,37,18,38,16,38,18,41,41,45,37,18,38,16,38,18,41,41,41,39,39,46,46,45,43,43,45,45,17,17,17,37,46,17,45,37,46,36,45,37,18,38,16,38,18,41,45,0,
0,38,16,38,18,41,46,45,39,37,18,38,16,38,18,41,42,16,46,36,43,17,37,46,45,45,46,45,37,18,38,16,38,18,45,37,18,38,16,38,18,41,41,39,39,46,45,45,43,43,45,45,17,17,46,17,45,37,46,36,45,37,18,38,16,38,18,41,43,0,
0,38,16,38,18,41,39,46,41,37,18,38,16,38,18,41,17,47,46,36,43,17,37,46,17,17,45,45,45,45,37,18,38,16,38,18,45,37,18,38,16,38,18,41,41,39,46,46,45,45,43,43,45,45,17,17,45,37,46,36,45,37,18,38,16,38,18,41,45,0,
0,18,38,16,38,18,41,39,45,37,18,38,16,38,18,41,45,39,16,46,36,43,17,37,46,17,17,46,46,45,45,46,45,37,18,38,16,38,45,37,18,38,16,38,18,41,39,39,46,46,45,45,43,43,45,45,45,37,46,36,45,37,18,38,16,38,18,41,46,0,
0,18,38,16,38,18,41,41,45,37,18,38,16,38,18,41,43,42,47,46,36,43,17,37,46,17,17,39,39,46,46,45,45,37,18,38,16,38,18,45,37,18,38,16,38,18,41,41,39,39,46,46,45,45,43,43,45,37,46,36,45,37,18,38,16,38,18,41,39,0,
0,18,38,16,38,18,41,17,45,37,18,38,16,38,18,41,45,17,39,46,46,36,43,17,37,46,17,17,41,39,39,46,46,45,43,19,19,19,40,43,43,45,37,18,38,16,38,18,41,41,39,39,46,46,45,45,45,45,46,36,43,45,37,18,38,16,38,18,41,0,
0,18,38,16,38,18,41,39,45,37,18,38,16,38,18,41,46,45,42,16,16,46,36,43,17,37,46,17,17,41,41,39,39,46,45,43,43,38,45,36,40,16,19,45,37,18,38,16,38,18,41,41,39,39,46,46,46,45,46,36,43,45,37,18,38,16,38,18,41,0,
0,18,38,16,38,18,41,17,45,37,18,38,16,38,18,41,39,43,46,47,47,16,46,36,43,17,37,46,17,17,18,41,41,39,46,17,46,16,44,36,37,39,47,17,39,45,37,18,38,16,38,18,41,41,39,39,39,45,46,36,43,45,37,18,38,16,38,18,41,0,
0,18,46,36,43,17,37,46,17,17,37,18,38,16,38,18,41,45,45,39,39,47,16,46,46,36,43,17,37,46,17,17,18,41,39,46,17,17,39,19,39,43,44,18,41,46,36,45,37,18,38,16,38,18,41,41,41,45,46,36,43,17,37,46,17,17,18,46,17,0,
0,46,16,43,47,39,19,39,41,45,37,18,38,16,38,18,41,46,18,42,42,39,47,16,16,43,47,39,19,39,41,45,18,41,41,17,17,17,36,36,45,37,39,43,46,36,43,17,37,46,17,17,17,45,45,45,45,46,36,43,17,37,46,17,17,45,19,45,43,0,
0,16,47,18,47,36,43,40,17,43,37,18,38,16,38,18,41,39,18,46,46,42,39,47,47,18,47,36,43,40,17,43,38,18,41,46,17,17,37,46,17,17,38,41,46,36,43,17,37,46,17,17,45,43,43,43,43,16,43,47,39,19,39,41,45,17,17,38,44,0,
0,47,39,44,42,40,39,47,41,45,45,37,18,38,16,38,18,41,38,45,45,46,42,39,39,44,42,40,39,47,41,45,46,36,43,17,37,46,17,17,41,45,37,40,16,46,36,43,17,37,46,17,17,45,45,45,46,47,18,47,36,43,40,17,43,45,42,45,36,0,
0,39,42,36,18,39,19,46,36,46,45,37,18,38,16,38,18,41,18,41,39,45,46,42,42,36,18,39,19,46,36,46,16,46,36,43,17,37,46,17,17,43,37,17,47,16,46,36,43,17,37,46,17,17,46,46,46,39,44,42,40,39,47,41,45,43,43,18,16,0,
0,42,46,43,18,16,46,17,42,39,45,37,18,38,16,38,18,41,38,18,41,45,45,46,46,43,18,16,46,17,42,39,47,16,43,47,39,19,39,41,45,45,42,44,39,47,16,46,36,43,17,37,46,17,17,39,16,42,36,18,39,19,46,36,46,45,43,44,43,0,
0,46,45,37,18,38,16,38,18,41,39,47,18,45,37,18,38,16,38,18,41,43,40,45,45,37,18,38,16,38,18,41,39,47,18,47,36,43,40,17,43,46,47,47,42,39,47,16,46,46,36,43,17,37,46,17,47,46,43,18,16,46,17,42,39,46,37,19,46,0,
0,45,37,18,38,16,38,18,41,18,42,37,18,45,37,18,38,16,38,18,41,45,37,46,45,37,18,38,16,38,18,41,42,39,44,42,40,39,47,41,45,46,36,43,46,42,39,47,16,16,43,47,39,19,39,41,39,45,37,18,38,16,38,18,41,39,17,43,16,0,
0,37,18,38,16,38,18,41,41,36,42,17,16,45,37,18,38,16,38,18,41,46,38,45,45,37,18,38,16,45,45,46,46,42,36,18,39,19,46,36,46,46,46,36,45,46,42,39,47,47,18,47,36,43,40,17,42,45,37,18,38,16,38,18,41,41,16,19,17,0,
0,45,37,18,38,16,38,18,41,17,17,17,17,17,17,17,17,17,38,18,41,39,17,17,17,17,38,16,38,45,37,45,45,46,43,18,16,46,17,42,39,16,16,46,46,45,46,42,39,39,44,42,40,39,47,41,46,47,45,37,18,38,16,38,18,41,38,43,37,0,
0,37,18,38,16,38,18,41,17,17,17,17,17,17,45,45,17,45,17,17,17,41,45,45,45,45,38,16,38,18,45,37,18,45,37,18,38,16,38,18,41,47,47,16,16,16,45,46,42,42,36,18,39,19,46,36,45,39,45,37,18,38,16,38,18,41,42,45,44,0,
0,37,18,38,16,38,18,41,45,45,45,45,45,17,43,43,45,43,45,45,45,17,43,43,43,43,38,16,38,18,41,41,39,46,46,46,46,46,45,45,17,39,39,46,36,43,17,37,46,17,17,18,16,46,17,42,45,42,45,37,18,38,16,38,18,41,41,42,37,0,
0,37,18,38,16,38,18,41,43,43,43,43,43,45,45,45,43,45,43,43,43,45,45,45,45,45,18,38,16,38,18,41,41,39,39,39,39,39,46,46,19,42,42,16,43,47,39,19,39,41,45,18,38,16,38,18,41,46,45,37,18,38,16,38,18,41,43,17,41,0,
0,37,18,38,16,38,18,41,45,45,45,45,45,43,46,46,45,46,45,45,45,43,46,46,46,46,45,37,18,38,16,38,18,41,41,41,41,41,39,39,36,46,46,47,18,47,36,43,40,17,43,46,45,37,18,38,16,45,45,37,18,38,16,38,18,41,45,44,40,0,
0,18,38,16,38,18,41,46,46,46,46,46,46,45,39,39,46,39,46,46,46,45,39,39,39,39,44,37,38,36,45,37,18,38,16,38,18,41,41,41,38,45,45,39,44,42,40,39,47,41,45,45,37,18,38,16,38,45,37,18,38,16,38,18,41,28,38,17,41,0,
0,18,38,16,38,18,41,39,39,39,39,39,39,46,41,41,39,41,39,39,39,46,41,41,41,41,46,43,46,18,42,40,45,47,16,40,44,38,37,38,39,42,39,42,36,18,39,19,46,36,46,37,18,38,16,38,18,41,43,40,43,36,19,37,44,43,39,45,42,0,
0,37,18,38,16,38,18,41,41,41,41,41,41,39,41,18,41,41,41,41,41,39,46,44,43,39,43,36,18,18,17,18,42,16,16,16,38,42,38,42,44,37,37,46,43,18,16,46,17,42,39,18,38,16,38,18,41,17,47,18,17,41,40,47,17,16,40,36,36,0,
0,37,18,38,16,38,18,41,18,38,16,38,18,41,37,18,0,16,38,18,41,41,18,16,36,44,38,42,45,17,41,37,36,37,39,40,47,42,17,36,41,46,38,45,37,18,38,0,38,18,41,18,40,16,39,44,18,40,16,47,47,43,44,16,37,18,36,42,42,0,
0,0,0,0,0,0,0,0,0,0,0,0,0,0,0,0,0,0,0,0,0,0,0,0,0,0,0,0,0,0,0,0,0,0,0,0,45,47,45,44,39,0,0,0,0,0,0,0,0,0,0,0,0,0,0,0,0,0,0,0,0,0,0,0,0,0,0,0,0,0,
0,0,0,0,0,0,0,0,0,0,0,0,0,0,0,0,0,0,0,0,0,0,0,0,0,0,0,0,0,0,0,0,0,0,0,0,42,47,37,36,38,0,0,0,0,0,0,0,0,0,0,0,0,0,0,0,0,0,0,0,0,0,0,0,0,0,0,0,0,0,
0,0,0,0,0,0,0,0,0,0,0,0,0,0,0,0,0,0,0,0,0,0,0,0,0,0,0,0,0,0,0,0,0,0,0,0,36,46,19,17,41,0,0,0,0,0,0,0,0,0,0,0,0,0,0,0,0,0,0,0,0,0,0,0,0,0,0,0,0,0,
0,0,0,0,0,0,0,0,0,0,0,0,0,0,0,0,0,0,0,0,0,0,0,0,0,0,0,0,0,0,0,0,0,0,0,39,0,45,36,17,44,43,0,0,0,0,0,0,0,0,0,0,0,0,0,0,0,0,0,0,0,0,0,0,0,0,0,0,0,0,
0,0,0,0,0,0,0,0,0,0,0,0,0,0,0,0,0,0,0,0,0,0,0,0,0,0,0,0,0,0,0,0,0,0,0,38,0,42,42,47,44,46,41,0,0,0,0,0,0,0,0,0,0,0,0,0,0,0,0,0,0,0,0,0,0,0,0,0,0,0,
0,0,0,0,0,0,0,0,0,0,0,0,0,0,0,0,0,0,0,0,0,0,0,0,0,0,0,0,0,0,0,0,0,0,0,39,0,44,18,37,39,19,39,0,0,0,0,0,0,0,0,0,0,0,0,0,0,0,0,0,0,0,0,0,0,0,0,0,0,0,
0,0,0,0,0,0,0,0,0,0,0,0,0,0,0,0,0,0,0,0,0,0,0,0,0,0,0,0,0,0,0,0,0,0,0,42,0,39,39,46,18,45,18,0,0,0,0,0,0,0,0,0,0,0,0,0,0,0,0,0,0,0,0,0,0,0,0,0,0,0,
0,0,0,0,0,0,0,0,0,0,0,0,0,0,0,0,0,0,0,0,0,0,0,0,0,0,0,0,0,0,0,0,0,0,0,43,0,18,16,40,41,19,43,0,0,0,0,0,0,0,0,0,0,0,0,0,0,0,0,0,0,0,0,0,0,0,0,0,0,0,
0,0,0,0,0,0,0,0,0,0,0,0,0,0,0,0,0,0,0,0,0,0,0,0,0,0,0,0,0,0,0,0,0,0,0,0,0,43,47,46,18,44,38,0,0,0,0,0,0,0,0,0,0,0,0,0,0,0,0,0,0,0,0,0,0,0,0,0,0,0,
0,0,0,0,0,0,0,0,0,0,0,0,0,0,0,0,0,0,0,0,0,0,0,0,0,0,0,0,0,0,0,0,0,0,0,0,0,45,47,42,47,38,39,0,0,0,0,0,0,0,0,0,0,0,0,0,0,0,0,0,0,0,0,0,0,0,0,0,0,0,
0,0,0,0,0,0,0,0,0,0,0,0,0,0,0,0,0,0,0,0,0,0,0,0,0,0,0,0,0,0,0,0,0,0,0,0,0,46,42,16,17,42,42,0,0,0,0,0,0,0,0,0,0,0,0,0,0,0,0,0,0,0,0,0,0,0,0,0,0,0,
0,0,0,0,0,0,0,0,0,0,0,0,0,0,0,0,0,0,0,0,0,0,0,0,0,0,0,0,0,0,0,0,0,0,0,0,0,18,43,37,37,44,47,0,0,0,0,0,0,0,0,0,0,0,0,0,0,0,0,0,0,0,0,0,0,0,0,0,0,0,
0,0,0,0,0,0,0,0,0,0,0,0,0,0,0,0,0,0,0,0,0,0,0,0,0,0,0,0,0,0,0,0,0,0,0,0,0,0,0,0,0,0,0,0,0,0,0,0,0,0,0,0,0,0,0,0,0,0,0,0,0,0,0,0,0,0,0,0,0,0

[layer]
type=object
data=
84,84,84,84,84,84,84,84,84,84,84,84,84,84,84,84,84,84,84,84,84,84,84,84,84,84,84,84,84,84,84,84,84,84,84,84,84,84,84,84,84,84,84,84,84,84,84,84,84,84,84,84,84,84,84,84,84,84,84,84,84,84,84,84,84,84,84,84,84,84,
84,77,69,109,103,65,65,109,69,65,99,69,97,103,109,78,84,77,109,69,103,105,65,69,69,69,97,109,97,107,105,69,105,69,97,65,69,99,69,103,109,103,69,99,109,99,78,84,77,69,103,107,107,65,105,69,105,103,105,103,109,103,105,69,65,65,97,99,78,84,
84,104,0,0,0,0,0,0,0,0,0,0,0,0,0,66,84,68,0,0,0,0,0,0,0,0,0,0,0,0,0,0,0,0,0,0,0,0,0,0,0,0,0,0,0,0,66,84,108,0,0,0,0,0,0,0,0,0,0,0,0,0,0,0,0,0,0,0,66,84,
84,102,0,0,0,0,0,0,0,0,0,0,0,0,0,66,84,102,0,0,0,0,0,0,0,0,0,0,0,0,0,0,0,0,0,0,0,0,0,0,0,0,0,0,0,0,66,84,102,0,0,0,0,0,0,0,0,0,0,0,0,0,0,0,0,0,0,0,66,84,
84,98,0,0,0,0,0,0,0,0,0,0,0,0,0,66,84,104,0,0,0,0,0,0,0,0,0,0,0,0,0,0,0,0,0,0,0,0,0,0,0,0,0,0,0,0,66,84,68,0,0,0,0,0,0,0,0,0,0,0,0,0,0,0,0,0,0,0,66,84,
84,102,0,0,0,0,0,0,0,0,0,0,0,0,0,66,84,98,0,0,0,0,0,0,0,0,0,0,0,0,0,0,0,0,0,0,0,0,0,0,0,0,0,0,0,0,66,84,98,0,0,0,0,0,0,0,0,0,0,0,0,0,0,0,0,0,0,0,66,84,
84,96,0,0,0,0,0,0,0,0,0,0,0,0,0,66,84,106,0,0,0,0,0,0,0,0,0,0,0,0,0,0,0,0,0,0,0,0,0,0,0,0,0,0,0,0,66,84,102,0,0,0,0,0,0,0,0,0,0,0,0,0,0,0,0,0,0,0,66,84,
84,102,0,0,0,0,0,0,0,0,0,0,0,0,0,66,84,68,0,0,0,0,0,0,0,0,0,0,0,0,0,0,0,0,0,0,0,0,0,0,0,0,0,0,0,0,66,84,96,0,0,0,77,69,109,97,109,105,97,109,69,78,0,0,0,0,0,0,66,84,
84,64,0,0,0,0,0,0,0,0,0,0,0,0,0,66,84,102,0,0,0,0,0,0,0,0,0,0,0,0,0,0,0,0,0,0,0,0,0,0,0,0,0,0,0,0,66,84,108,0,0,0,68,0,0,0,0,0,0,0,0,70,0,0,0,0,0,0,66,84,
84,106,0,0,0,0,0,0,0,0,0,0,0,0,0,66,84,64,0,0,0,0,0,0,0,0,0,0,0,0,0,0,0,0,0,0,0,0,0,0,0,0,0,0,0,0,66,84,68,0,0,0,98,0,0,0,0,0,0,0,0,82,0,0,0,0,0,0,66,84,
84,104,0,0,0,0,0,0,0,0,0,0,0,0,0,66,84,102,0,0,0,0,0,0,0,0,0,0,0,0,0,0,0,0,0,0,0,0,0,0,0,0,0,0,0,0,66,84,64,0,0,0,102,0,0,0,0,0,0,0,0,82,0,0,0,0,0,0,66,84,
84,102,0,0,0,0,0,0,0,0,0,0,0,0,0,66,84,102,0,0,0,0,0,0,0,0,0,0,0,0,0,0,0,0,0,0,0,0,0,0,0,0,0,0,0,0,66,84,64,0,0,0,64,0,0,0,0,0,0,0,0,82,0,0,0,0,0,0,66,84,
84,106,0,0,0,0,0,0,0,0,0,0,0,0,0,74,97,73,0,0,0,0,0,0,0,0,0,0,0,0,0,0,0,0,0,0,0,0,0,0,0,0,0,0,0,0,66,84,98,0,0,0,104,0,0,0,0,0,0,0,0,82,0,0,0,0,0,0,66,84,
84,104,0,0,0,0,0,0,0,0,0,0,0,0,0,0,84,0,0,0,0,0,0,0,0,0,0,0,0,0,0,0,0,0,0,0,0,0,0,0,0,0,0,0,0,0,66,84,64,0,0,0,102,0,0,0,0,0,0,0,0,82,0,0,0,0,0,0,66,84,
84,68,0,0,0,0,0,0,0,0,0,0,0,0,0,0,0,0,0,0,0,0,0,0,0,0,0,0,0,0,0,0,0,0,0,0,0,0,0,0,0,0,0,0,0,0,66,84,68,0,0,0,98,0,0,0,0,0,0,0,0,82,0,0,0,0,0,0,66,84,
84,102,0,0,0,0,0,0,0,0,0,0,0,0,0,0,84,0,0,0,0,0,0,0,0,0,0,0,0,0,0,0,0,0,0,0,0,0,0,0,0,0,0,0,0,0,66,84,98,0,0,0,68,0,0,0,0,0,0,0,0,82,0,0,0,0,0,0,66,84,
84,96,0,0,0,0,0,0,0,0,0,0,0,0,0,75,67,72,0,0,0,0,0,0,0,0,0,0,0,0,0,0,0,0,0,0,0,0,0,0,0,0,0,0,0,0,66,84,64,0,0,0,76,71,83,88,0,0,91,83,83,95,0,0,0,0,0,0,66,84,
84,64,0,0,0,0,0,0,0,0,0,0,0,0,0,66,84,96,0,0,0,0,0,0,0,0,0,0,0,0,0,0,0,0,0,0,0,0,0,0,0,0,0,0,0,0,66,84,102,0,0,0,0,0,0,80,0,0,82,0,0,0,0,0,0,0,0,0,66,84,
84,104,0,0,0,0,0,0,0,0,0,0,0,0,0,66,84,68,0,0,0,0,0,0,0,0,0,0,0,0,0,0,0,0,0,0,0,0,0,0,0,0,0,0,0,0,66,84,106,0,0,0,0,0,0,0,0,0,0,0,0,0,0,0,0,0,0,0,66,84,
84,68,0,0,0,0,0,0,0,0,0,0,0,0,0,66,84,96,0,0,0,0,0,0,0,0,0,0,0,0,0,0,0,0,0,0,0,0,0,0,0,0,0,0,0,0,66,84,102,0,0,0,0,0,0,0,0,0,0,0,0,0,0,0,0,0,0,0,66,84,
84,98,0,0,0,0,0,0,0,0,0,0,0,0,0,66,84,106,0,0,0,0,0,0,0,0,0,0,0,0,0,0,0,0,0,0,0,0,0,0,0,0,0,0,0,0,66,84,98,0,0,0,0,0,0,0,0,0,0,0,0,0,0,0,0,0,0,0,66,84,
84,68,0,0,0,0,0,0,0,0,0,0,0,0,0,66,84,98,0,0,0,0,0,0,0,0,0,0,0,0,0,0,0,0,0,0,0,0,0,0,0,0,0,0,0,0,66,84,104,0,0,0,0,0,0,0,0,0,0,0,0,0,0,0,0,0,0,0,66,84,
84,102,0,0,0,0,0,0,0,0,0,0,0,0,0,66,84,102,0,0,0,0,0,0,0,0,0,0,0,0,0,0,0,0,0,0,0,0,0,0,0,0,0,0,0,0,66,84,68,0,0,0,0,0,0,0,0,0,0,0,0,0,0,0,0,0,0,0,66,84,
84,104,0,0,0,0,0,0,0,0,0,0,0,0,0,66,84,106,0,0,0,0,0,0,0,0,0,0,0,0,0,0,0,0,0,0,0,0,0,0,0,0,0,0,0,0,66,84,64,0,0,0,0,0,0,0,0,0,0,0,0,0,0,0,0,0,0,0,66,84,
84,68,0,0,0,0,0,0,0,0,0,0,0,0,0,66,84,104,0,0,0,0,0,0,0,0,0,0,0,0,0,0,0,0,0,0,0,0,0,0,0,0,0,0,0,0,66,84,64,0,0,0,0,0,0,0,0,0,0,0,0,0,0,0,0,0,0,0,66,84,
84,106,0,0,0,0,0,0,0,0,0,0,0,0,0,66,84,96,0,0,0,0,0,0,0,0,0,0,0,0,0,0,0,0,0,0,0,0,0,0,0,0,0,0,0,0,66,84,102,0,0,0,0,0,0,0,0,0,0,0,0,0,0,0,0,0,0,0,66,84,
84,96,0,0,0,0,0,0,0,0,0,0,0,0,0,66,84,96,0,0,0,0,0,0,0,0,0,0,0,0,0,0,0,0,0,0,0,0,0,0,0,0,0,0,0,0,66,84,96,0,0,0,0,0,0,0,0,0,0,0,0,0,0,0,0,0,0,0,66,84,
84,76,67,67,67,67,67,67,67,67,67,67,67,67,67,79,84,76,67,67,67,67,67,67,67,67,67,67,67,67,72,0,0,0,75,67,67,67,67,67,67,67,67,67,67,67,79,84,76,67,67,67,67,67,67,72,0,0,0,75,67,67,67,67,67,67,67,67,79,84,
84,84,84,84,84,84,84,84,84,84,84,84,84,84,84,84,84,84,84,84,84,84,84,84,84,84,84,84,84,84,104,0,0,0,66,84,84,84,84,84,84,84,84,84,84,84,84,84,84,84,84,84,84,84,84,104,0,0,0,66,84,84,84,84,84,84,84,84,84,84,
84,77,65,103,97,65,107,99,97,105,69,105,65,103,105,78,84,77,105,103,107,105,107,69,99,65,105,109,97,107,73,0,0,0,74,69,109,99,97,99,99,65,105,65,97,103,78,84,77,99,65,105,109,97,107,73,0,0,0,74,69,103,103,65,107,107,105,105,78,84,
84,96,0,0,0,0,0,0,0,0,0,0,0,0,0,66,84,98,0,0,0,0,0,0,0,0,0,0,0,0,0,0,0,0,0,0,0,0,0,0,0,0,0,0,0,0,66,84,104,0,0,0,0,0,0,0,0,0,0,0,0,0,0,0,0,0,0,0,66,84,
84,102,0,0,0,0,0,0,0,0,0,0,0,0,0,66,84,102,0,0,0,0,0,0,0,0,0,0,0,0,0,0,0,0,0,0,0,0,0,0,0,0,0,0,0,0,66,84,102,0,0,0,0,0,0,0,0,0,0,0,0,0,0,0,0,0,0,0,66,84,
84,108,0,0,0,0,0,0,0,0,0,0,0,0,0,66,84,64,0,0,0,0,0,0,0,0,0,0,0,0,0,0,0,0,0,0,0,0,0,0,0,0,0,0,0,0,66,84,64,0,0,0,0,0,0,0,0,0,0,0,0,0,0,0,0,0,0,0,66,84,
84,104,0,0,0,0,0,0,0,0,0,0,0,0,0,66,84,96,0,0,0,0,0,0,0,183,179,0,177,0,0,0,0,0,0,0,0,0,0,0,0,0,0,0,0,0,66,84,102,0,0,0,0,0,0,0,0,0,0,0,0,0,0,0,0,0,0,0,66,84,
84,96,0,0,0,0,0,0,0,0,0,0,0,0,0,66,84,96,0,0,0,0,0,0,0,0,176,178,176,176,0,0,0,0,0,0,0,0,0,0,0,0,0,0,0,0,66,84,106,0,0,0,0,0,0,0,0,0,0,0,0,0,0,0,0,0,0,0,66,84,
84,108,0,0,0,0,0,0,0,0,0,0,0,0,0,66,84,102,0,0,0,178,0,0,0,0,0,182,0,181,0,0,0,0,0,0,0,0,0,0,0,0,0,0,0,0,66,84,106,0,0,0,0,0,0,0,0,0,0,0,0,0,0,0,0,0,0,0,66,84,
84,96,0,0,0,0,0,0,0,0,0,0,0,0,0,66,84,102,0,0,0,177,178,0,0,0,0,0,178,0,0,0,0,0,0,0,181,0,0,0,0,0,0,0,0,0,66,84,98,0,0,0,0,0,0,0,0,0,0,0,0,0,0,0,0,0,0,0,66,84,
84,64,0,0,0,0,0,0,0,0,0,0,0,0,0,74,97,73,0,0,0,0,182,0,0,0,0,0,181,0,0,0,0,0,0,0,178,0,0,0,0,0,0,0,0,0,66,84,102,0,0,0,0,0,0,0,0,0,0,0,0,0,0,0,0,0,0,0,66,84,
84,104,0,0,0,0,0,0,0,0,0,0,0,0,0,0,0,0,0,0,0,0,180,0,180,183,0,0,0,0,0,0,0,0,0,0,177,0,0,0,0,0,0,0,0,0,66,84,104,0,0,0,0,0,0,0,0,0,0,0,0,0,0,0,0,0,0,0,66,84,
84,98,0,0,0,0,0,0,0,0,0,0,0,0,0,0,0,0,0,0,0,0,0,0,0,183,183,0,0,0,0,0,0,0,0,182,180,0,0,179,176,0,0,0,0,0,66,84,96,0,0,0,0,0,0,0,0,0,0,0,0,0,0,0,0,0,0,0,66,84,
84,102,0,0,0,0,0,0,0,0,0,0,0,0,0,0,0,0,0,177,177,178,0,0,0,0,181,177,0,0,0,0,0,0,0,180,0,0,0,0,0,0,0,0,0,0,66,84,102,0,0,0,0,0,0,0,0,0,0,0,0,0,0,0,0,0,0,0,66,84,
84,102,0,0,0,0,0,0,0,0,0,0,0,0,0,75,67,72,0,0,0,179,0,0,0,0,0,0,0,0,178,0,0,0,0,0,0,0,0,0,0,0,0,0,0,0,66,84,102,0,0,0,0,0,0,0,0,0,0,0,0,0,0,0,0,0,0,0,66,84,
84,102,0,0,0,0,0,0,0,0,0,0,0,0,0,66,84,96,0,0,0,0,182,0,0,0,0,0,0,0,181,181,0,0,0,0,181,178,178,176,176,0,0,0,0,0,74,97,73,0,0,0,0,0,0,0,0,0,0,0,0,0,0,0,0,0,0,0,66,84,
84,102,0,0,0,0,0,0,0,0,0,0,0,0,0,66,84,106,0,0,0,0,179,181,0,0,0,0,0,179,178,181,177,0,0,0,180,0,0,0,0,0,0,0,0,0,0,0,0,0,0,0,0,0,0,0,0,0,0,0,0,0,0,0,0,0,0,0,66,84,
84,96,0,0,0,0,0,0,0,0,0,0,0,0,0,66,84,102,0,0,0,0,0,183,181,0,0,0,0,181,180,0,0,0,0,0,181,0,0,0,0,0,0,0,0,0,0,84,0,0,0,0,0,0,0,0,0,0,0,0,0,0,0,0,0,0,0,0,66,84,
84,108,0,0,0,0,0,0,0,0,0,0,0,0,0,66,84,104,0,0,0,0,0,0,0,0,0,0,0,0,176,0,0,0,0,0,180,0,0,0,0,0,0,0,0,0,0,84,0,0,0,0,0,0,0,0,0,0,0,0,0,0,0,0,0,0,0,0,66,84,
84,104,0,0,0,0,0,0,0,0,0,0,0,0,0,66,84,68,0,0,0,0,0,0,0,0,0,178,0,0,0,182,0,0,0,0,0,0,0,0,0,0,0,0,0,0,75,67,72,0,0,0,0,0,0,0,0,0,0,0,0,0,0,0,0,0,0,0,66,84,
84,96,0,0,0,0,0,0,0,0,0,0,0,0,0,66,84,104,0,0,0,0,0,0,0,0,0,183,183,0,0,0,177,180,0,0,0,183,0,0,0,0,181,0,0,0,66,84,96,0,0,0,0,0,0,0,0,0,0,0,0,0,0,0,0,0,0,0,66,84,
84,102,0,0,0,0,0,0,0,0,0,0,0,0,0,66,84,68,0,0,0,0,0,0,0,0,0,0,177,181,176,0,178,0,183,0,0,177,179,0,176,179,180,0,0,0,66,84,68,0,0,0,0,0,0,0,0,0,0,0,0,0,0,0,0,0,0,0,66,84,
84,96,0,0,0,0,0,0,0,0,0,0,0,0,0,66,84,106,0,0,0,0,0,0,0,0,0,0,0,0,0,0,179,0,0,176,0,0,183,0,0,0,0,0,0,0,66,84,96,0,0,0,0,0,0,0,0,0,0,0,0,0,0,0,0,0,0,0,66,84,
84,64,0,0,0,0,0,0,0,0,0,0,0,0,0,66,84,108,0,0,0,179,0,176,176,183,0,0,0,0,0,0,178,0,182,0,0,0,182,0,0,0,0,0,0,0,66,84,64,0,0,0,0,0,0,0,0,0,0,0,0,0,0,0,0,0,0,0,66,84,
84,68,0,0,0,0,0,0,0,0,0,0,0,0,0,66,84,106,0,0,0,0,0,0,0,176,177,0,0,0,176,182,181,183,181,179,0,0,0,0,0,0,0,0,0,0,66,84,96,0,0,0,0,0,0,0,0,0,0,0,0,0,0,0,0,0,0,0,66,84,
84,106,0,0,0,0,0,0,0,0,0,0,0,0,0,66,84,68,0,0,0,0,0,0,0,0,0,0,0,181,181,178,0,0,0,180,178,0,176,0,0,0,0,0,0,0,66,84,64,0,0,0,0,0,0,0,0,0,0,0,0,0,0,0,0,0,0,0,66,84,
84,102,0,0,0,0,0,0,0,0,0,0,0,0,0,66,84,104,0,0,0,0,0,0,0,0,0,0,0,0,0,178,0,0,0,181,0,177,178,0,0,0,0,0,0,0,66,84,104,0,0,0,0,0,0,0,0,0,0,0,0,0,0,0,0,0,0,0,66,84,
84,64,0,0,0,0,0,0,0,0,0,0,0,0,0,66,84,104,0,0,0,0,0,0,0,0,0,0,0,0,0,0,0,0,0,176,180,0,0,0,0,0,0,0,0,0,66,84,64,0,0,0,0,0,0,0,0,0,0,0,0,0,0,0,0,0,0,0,66,84,
84,106,0,0,0,0,0,0,0,0,0,0,0,0,0,66,84,102,0,0,0,0,0,0,0,0,0,0,0,0,0,0,0,0,0,0,178,181,0,0,0,0,0,0,0,0,66,84,98,0,0,0,0,0,0,0,0,0,0,0,0,0,0,0,0,0,0,0,66,84,
84,76,67,67,67,67,67,67,67,67,67,67,67,67,67,79,84,76,67,67,67,67,67,67,67,67,67,67,67,67,67,67,67,67,67,67,72,0,0,0,0,0,75,67,67,67,79,84,76,67,67,67,67,67,67,67,67,67,67,67,67,67,67,67,67,67,67,67,79,84,
0,84,84,84,84,84,84,84,84,84,84,84,84,84,84,84,84,84,84,84,84,84,84,84,84,84,84,84,84,84,84,84,84,0,84,84,102,0,0,0,0,0,66,84,0,84,84,84,84,84,0,0,0,0,84,84,84,84,84,84,84,84,84,84,84,84,84,84,84,84,
0,0,0,0,0,0,0,0,0,0,0,0,0,0,0,0,0,0,0,0,0,0,0,0,0,0,0,0,0,0,0,0,0,0,0,84,64,0,0,0,0,0,66,84,0,0,0,0,0,0,0,0,0,0,0,0,0,0,0,0,0,0,0,0,0,0,0,0,0,0,
0,0,0,0,0,0,0,0,0,0,0,0,0,0,0,0,0,0,0,0,0,0,0,0,0,0,0,0,0,0,0,0,0,0,0,84,76,72,183,0,0,75,79,0,0,0,0,0,0,0,0,0,0,0,0,0,0,0,0,0,0,0,0,0,0,0,0,0,0,0,
0,0,0,0,0,0,0,0,0,0,0,0,0,0,0,0,0,0,0,0,0,0,0,0,0,0,0,0,0,0,0,0,0,0,0,84,84,102,0,0,0,66,84,84,0,0,0,0,0,0,0,0,0,0,0,0,0,0,0,0,0,0,0,0,0,0,0,0,0,0,
0,0,0,0,0,0,0,0,0,0,0,0,0,0,0,0,0,0,0,0,0,0,0,0,0,0,0,0,0,0,0,0,84,0,0,0,84,98,180,181,0,74,78,84,0,0,0,0,0,0,0,0,0,0,0,0,0,0,0,0,0,0,0,0,0,0,0,0,0,0,
0,0,0,0,0,0,0,0,0,0,0,0,0,0,0,0,0,0,0,0,0,0,0,0,0,0,0,0,0,0,0,0,84,0,0,0,84,106,179,0,0,0,66,84,0,0,0,0,0,0,0,0,0,0,0,0,0,0,0,0,0,0,0,0,0,0,0,0,0,0,
0,0,0,0,0,0,0,0,0,0,0,0,0,0,0,0,0,0,0,0,0,0,0,0,0,0,0,0,0,0,0,0,84,84,0,0,84,98,176,178,0,0,66,84,0,0,0,0,0,0,0,0,0,0,0,0,0,0,0,0,0,0,0,0,0,0,0,0,0,0,
0,0,0,0,0,0,0,0,0,0,0,0,0,0,0,0,0,0,0,0,0,0,0,0,0,0,0,0,0,0,0,0,84,84,0,0,84,96,178,180,0,0,66,84,0,0,0,0,0,0,0,0,0,0,0,0,0,0,0,0,0,0,0,0,0,0,0,0,0,0,
0,0,0,0,0,0,0,0,0,0,0,0,0,0,0,0,0,0,0,0,0,0,0,0,0,0,0,0,0,0,0,0,84,84,0,0,84,108,0,0,0,0,66,84,0,0,0,0,0,0,0,0,0,0,0,0,0,0,0,0,0,0,0,0,0,0,0,0,0,0,
0,0,0,0,0,0,0,0,0,0,0,0,0,0,0,0,0,0,0,0,0,0,0,0,0,0,0,0,0,0,0,0,84,84,0,0,84,64,0,0,0,0,66,84,0,0,0,0,0,0,0,0,0,0,0,0,0,0,0,0,0,0,0,0,0,0,0,0,0,0,
0,0,0,0,0,0,0,0,0,0,0,0,0,0,0,0,0,0,0,0,0,0,0,0,0,0,0,0,0,0,0,0,84,84,0,0,84,108,0,0,0,0,66,84,0,0,0,0,0,0,0,0,0,0,0,0,0,0,0,0,0,0,0,0,0,0,0,0,0,0,
0,0,0,0,0,0,0,0,0,0,0,0,0,0,0,0,0,0,0,0,0,0,0,0,0,0,0,0,0,0,0,0,84,84,0,0,84,98,0,0,0,0,66,84,0,0,0,0,0,0,0,0,0,0,0,0,0,0,0,0,0,0,0,0,0,0,0,0,0,0,
0,0,0,0,0,0,0,0,0,0,0,0,0,0,0,0,0,0,0,0,0,0,0,0,0,0,0,0,0,0,0,0,0,84,0,0,0,73,0,0,0,0,66,84,0,0,0,0,0,0,0,0,0,0,0,0,0,0,0,0,0,0,0,0,0,0,0,0,0,0

[layer]
type=collision
data=
1,1,1,1,1,1,1,1,1,1,1,1,1,1,1,1,1,1,1,1,1,1,1,1,1,1,1,1,1,1,1,1,1,1,1,1,1,1,1,1,1,1,1,1,1,1,1,1,1,1,1,1,1,1,1,1,1,1,1,1,1,1,1,1,1,1,1,1,1,1,
1,1,1,1,1,1,1,1,1,1,1,1,1,1,1,1,1,1,1,1,1,1,1,1,1,1,1,1,1,1,1,1,1,1,1,1,1,1,1,1,1,1,1,1,1,1,1,1,1,1,1,1,1,1,1,1,1,1,1,1,1,1,1,1,1,1,1,1,1,1,
1,1,0,0,0,0,0,0,0,0,0,0,0,0,1,1,1,1,0,0,0,0,0,0,0,0,0,0,0,0,0,0,0,0,0,0,0,0,0,0,0,0,0,0,0,1,1,1,1,0,0,0,0,0,0,0,0,0,0,0,0,0,0,0,0,0,0,1,1,1,
1,1,0,0,0,0,0,0,0,0,0,0,0,0,1,1,1,1,0,0,0,0,0,0,0,0,0,0,0,0,0,0,0,0,0,0,0,0,0,0,0,0,0,0,0,1,1,1,1,0,0,0,0,0,0,0,0,0,0,0,0,0,0,0,0,0,0,1,1,1,
1,1,0,0,0,0,0,0,0,0,0,0,0,0,1,1,1,1,0,0,0,0,0,0,0,0,0,0,0,0,0,0,0,0,0,0,0,0,0,0,0,0,0,0,0,1,1,1,1,0,0,0,0,0,0,0,0,0,0,0,0,0,0,0,0,0,0,1,1,1,
1,1,0,0,0,0,0,0,0,0,0,0,0,0,1,1,1,1,0,0,0,0,0,0,0,0,0,0,0,0,0,0,0,0,0,0,0,0,0,0,0,0,0,0,0,1,1,1,1,0,0,0,0,0,0,0,0,0,0,0,0,0,0,0,0,0,0,1,1,1,
1,1,0,0,0,0,0,0,0,0,0,0,0,0,1,1,1,1,0,0,0,0,0,0,0,0,0,0,0,0,0,0,0,0,0,0,0,0,0,0,0,0,0,0,0,1,1,1,1,0,0,1,1,1,1,1,1,1,1,1,1,1,0,0,0,0,0,1,1,1,
1,1,0,0,0,0,0,0,0,0,0,0,0,0,1,1,1,1,0,0,0,0,0,0,0,0,0,0,0,0,0,0,0,0,0,0,0,0,0,0,0,0,0,0,0,1,1,1,1,0,0,1,1,1,1,1,1,1,1,1,1,1,0,0,0,0,0,1,1,1,
1,1,0,0,0,0,0,0,0,0,0,0,0,0,1,1,1,1,0,0,0,0,0,0,0,0,0,0,0,0,0,0,0,0,0,0,0,0,0,0,0,0,0,0,0,1,1,1,1,0,0,1,1,0,0,0,0,0,0,0,0,1,0,0,0,0,0,1,1,1,
1,1,0,0,0,0,0,0,0,0,0,0,0,0,1,1,1,1,0,0,0,0,0,0,0,0,0,0,0,0,0,0,0,0,0,0,0,0,0,0,0,0,0,0,0,1,1,1,1,0,0,1,1,0,0,0,0,0,0,0,0,1,0,0,0,0,0,1,1,1,
1,1,0,0,0,0,0,0,0,0,0,0,0,0,1,1,1,1,0,0,0,0,0,0,0,0,0,0,0,0,0,0,0,0,0,0,0,0,0,0,0,0,0,0,0,1,1,1,1,0,0,1,1,0,0,0,0,0,0,0,0,1,0,0,0,0,0,1,1,1,
1,1,0,0,0,0,0,0,0,0,0,0,0,0,0,1,1,1,0,0,0,0,0,0,0,0,0,0,0,0,0,0,0,0,0,0,0,0,0,0,0,0,0,0,0,1,1,1,1,0,0,1,1,0,0,0,0,0,0,0,0,1,0,0,0,0,0,1,1,1,
1,1,0,0,0,0,0,0,0,0,0,0,0,0,0,1,1,1,0,0,0,0,0,0,0,0,0,0,0,0,0,0,0,0,0,0,0,0,0,0,0,0,0,0,0,1,1,1,1,0,0,1,1,0,0,0,0,0,0,0,0,1,0,0,0,0,0,1,1,1,
1,1,0,0,0,0,0,0,0,0,0,0,0,0,0,0,0,0,0,0,0,0,0,0,0,0,0,0,0,0,0,0,0,0,0,0,0,0,0,0,0,0,0,0,0,1,1,1,1,0,0,1,1,0,0,0,0,0,0,0,0,1,0,0,0,0,0,1,1,1,
1,1,0,0,0,0,0,0,0,0,0,0,0,0,0,0,0,0,0,0,0,0,0,0,0,0,0,0,0,0,0,0,0,0,0,0,0,0,0,0,0,0,0,0,0,1,1,1,1,0,0,1,1,0,0,0,0,0,0,0,0,1,0,0,0,0,0,1,1,1,
1,1,0,0,0,0,0,0,0,0,0,0,0,0,1,1,0,0,0,0,0,0,0,0,0,0,0,0,0,0,0,0,0,0,0,0,0,0,0,0,0,0,0,0,0,1,1,1,1,0,0,1,1,0,0,0,0,0,0,0,0,1,0,0,0,0,0,1,1,1,
1,1,0,0,0,0,0,0,0,0,0,0,0,0,1,1,1,1,0,0,0,0,0,0,0,0,0,0,0,0,0,0,0,0,0,0,0,0,0,0,0,0,0,0,0,1,1,1,1,0,0,1,1,1,1,1,0,0,1,1,1,1,0,0,0,0,0,1,1,1,
1,1,0,0,0,0,0,0,0,0,0,0,0,0,1,1,1,1,0,0,0,0,0,0,0,0,0,0,0,0,0,0,0,0,0,0,0,0,0,0,0,0,0,0,0,1,1,1,1,0,0,0,0,0,0,1,0,0,1,0,0,0,0,0,0,0,0,1,1,1,
1,1,0,0,0,0,0,0,0,0,0,0,0,0,1,1,1,1,0,0,0,0,0,0,0,0,0,0,0,0,0,0,0,0,0,0,0,0,0,0,0,0,0,0,0,1,1,1,1,0,0,0,0,0,0,0,0,0,0,0,0,0,0,0,0,0,0,1,1,1,
1,1,0,0,0,0,0,0,0,0,0,0,0,0,1,1,1,1,0,0,0,0,0,0,0,0,0,0,0,0,0,0,0,0,0,0,0,0,0,0,0,0,0,0,0,1,1,1,1,0,0,0,0,0,0,0,0,0,0,0,0,0,0,0,0,0,0,1,1,1,
1,1,0,0,0,0,0,0,0,0,0,0,0,0,1,1,1,1,0,0,0,0,0,0,0,0,0,0,0,0,0,0,0,0,0,0,0,0,0,0,0,0,0,0,0,1,1,1,1,0,0,0,0,0,0,0,0,0,0,0,0,0,0,0,0,0,0,1,1,1,
1,1,0,0,0,0,0,0,0,0,0,0,0,0,1,1,1,1,0,0,0,0,0,0,0,0,0,0,0,0,0,0,0,0,0,0,0,0,0,0,0,0,0,0,0,1,1,1,1,0,0,0,0,0,0,0,0,0,0,0,0,0,0,0,0,0,0,1,1,1,
1,1,0,0,0,0,0,0,0,0,0,0,0,0,1,1,1,1,0,0,0,0,0,0,0,0,0,0,0,0,0,0,0,0,0,0,0,0,0,0,0,0,0,0,0,1,1,1,1,0,0,0,0,0,0,0,0,0,0,0,0,0,0,0,0,0,0,1,1,1,
1,1,0,0,0,0,0,0,0,0,0,0,0,0,1,1,1,1,0,0,0,0,0,0,0,0,0,0,0,0,0,0,0,0,0,0,0,0,0,0,0,0,0,0,0,1,1,1,1,0,0,0,0,0,0,0,0,0,0,0,0,0,0,0,0,0,0,1,1,1,
1,1,0,0,0,0,0,0,0,0,0,0,0,0,1,1,1,1,0,0,0,0,0,0,0,0,0,0,0,0,0,0,0,0,0,0,0,0,0,0,0,0,0,0,0,1,1,1,1,0,0,0,0,0,0,0,0,0,0,0,0,0,0,0,0,0,0,1,1,1,
1,1,0,0,0,0,0,0,0,0,0,0,0,0,1,1,1,1,0,0,0,0,0,0,0,0,0,0,0,0,0,0,0,0,0,0,0,0,0,0,1,1,1,1,1,1,1,1,1,0,0,0,0,0,0,0,0,0,1,1,1,1,1,1,1,1,1,1,1,1,
1,1,1,1,1,1,1,1,1,1,1,1,1,1,1,1,1,1,1,1,1,1,1,1,1,1,1,1,1,1,0,0,0,1,1,1,1,1,1,1,1,1,1,1,1,1,1,1,1,1,1,1,1,1,1,0,0,0,1,1,1,1,1,1,1,1,1,1,1,1,
1,1,1,1,1,1,1,1,1,1,1,1,1,1,1,1,1,1,1,1,1,1,1,1,1,1,1,1,1,1,1,0,0,1,1,1,1,1,1,1,1,1,1,1,1,1,1,1,1,1,1,1,1,1,1,1,0,0,1,1,1,1,1,1,1,1,1,1,1,1,
1,1,1,1,1,1,1,1,1,1,1,1,1,1,1,1,1,1,1,1,1,1,1,1,1,1,1,1,1,1,1,0,0,1,1,1,1,1,1,1,1,1,1,1,1,1,1,1,1,1,1,1,1,1,1,1,0,0,0,1,1,1,1,1,1,1,1,1,1,1,
1,1,1,1,1,1,1,1,1,1,1,1,1,1,1,1,1,1,1,1,1,1,1,1,1,1,1,1,1,1,1,0,0,0,1,1,1,1,1,1,0,0,0,0,0,1,1,1,1,1,1,1,1,1,1,1,0,0,0,1,1,1,1,1,1,1,1,1,1,1,
1,1,0,0,0,0,0,0,0,0,0,0,0,0,1,1,1,1,0,0,0,0,0,0,0,0,0,0,0,0,0,0,0,0,0,0,0,0,0,0,0,0,0,0,0,1,1,1,1,0,0,0,0,0,0,0,0,0,0,0,0,0,0,0,0,0,0,1,1,1,
1,1,0,0,0,0,0,0,0,0,0,0,0,0,1,1,1,1,0,0,0,0,0,0,0,0,0,0,0,0,0,0,0,0,0,0,0,0,0,0,0,0,0,0,0,1,1,1,1,0,0,0,0,0,0,0,0,0,0,0,0,0,0,0,0,0,0,1,1,1,
1,1,0,0,0,0,0,0,0,0,0,0,0,0,1,1,1,1,0,0,0,0,0,0,0,0,0,0,0,0,0,0,0,0,0,0,0,0,0,0,0,0,0,0,0,1,1,1,1,0,0,0,0,0,0,0,0,0,0,0,0,0,0,0,0,0,0,1,1,1,
1,1,0,0,0,0,0,0,0,0,0,0,0,0,1,1,1,1,0,0,0,0,0,0,0,0,0,0,0,0,0,0,0,0,0,0,0,0,0,0,0,0,0,0,0,1,1,1,1,0,0,0,0,0,0,0,0,0,0,0,0,0,0,0,0,0,0,1,1,1,
1,1,0,0,0,0,0,0,0,0,0,0,0,0,1,1,1,1,0,0,0,0,0,0,0,0,0,0,0,0,0,0,0,0,0,0,0,0,0,0,0,0,0,0,0,1,1,1,1,0,0,0,0,0,0,0,0,0,0,0,0,0,0,0,0,0,0,1,1,1,
1,1,0,0,0,0,0,0,0,0,0,0,0,0,1,1,1,1,0,0,0,0,0,0,0,0,0,0,0,0,0,0,0,0,0,0,0,0,0,0,0,0,0,0,0,1,1,1,1,0,0,0,0,0,0,0,0,0,0,0,0,0,0,0,0,0,0,1,1,1,
1,1,0,0,0,0,0,0,0,0,0,0,0,0,1,1,1,1,0,0,0,0,0,0,0,0,0,0,0,0,0,0,0,0,0,0,0,0,0,0,0,0,0,0,0,1,1,1,1,0,0,0,0,0,0,0,0,0,0,0,0,0,0,0,0,0,0,1,1,1,
1,1,0,0,0,0,0,0,0,0,0,0,0,0,0,1,1,1,0,0,0,0,0,0,0,0,0,0,0,0,0,0,0,0,0,0,0,0,0,0,0,0,0,0,0,1,1,1,1,0,0,0,0,0,0,0,0,0,0,0,0,0,0,0,0,0,0,1,1,1,
1,1,0,0,0,0,0,0,0,0,0,0,0,0,0,0,0,0,0,0,0,0,0,0,0,0,0,0,0,0,0,0,0,0,0,0,0,0,0,0,0,0,0,0,0,1,1,1,1,0,0,0,0,0,0,0,0,0,0,0,0,0,0,0,0,0,0,1,1,1,
1,1,0,0,0,0,0,0,0,0,0,0,0,0,0,0,0,0,0,0,0,0,0,0,0,0,0,0,0,0,0,0,0,0,0,0,0,0,0,0,0,0,0,0,0,1,1,1,1,0,0,0,0,0,0,0,0,0,0,0,0,0,0,0,0,0,0,1,1,1,
1,1,0,0,0,0,0,0,0,0,0,0,0,0,1,1,1,0,0,0,0,0,0,0,0,0,0,0,0,0,0,0,0,0,0,0,0,0,0,0,0,0,0,0,0,1,1,1,1,0,0,0,0,0,0,0,0,0,0,0,0,0,0,0,0,0,0,1,1,1,
1,1,0,0,0,0,0,0,0,0,0,0,0,0,1,1,1,1,0,0,0,0,0,0,0,0,0,0,0,0,0,0,0,0,0,0,0,0,0,0,0,0,0,0,0,1,1,1,1,0,0,0,0,0,0,0,0,0,0,0,0,0,0,0,0,0,0,1,1,1,
1,1,0,0,0,0,0,0,0,0,0,0,0,0,1,1,1,1,0,0,0,0,0,0,0,0,0,0,0,0,0,0,0,0,0,0,0,0,0,0,0,0,0,0,0,0,1,1,1,0,0,0,0,0,0,0,0,0,0,0,0,0,0,0,0,0,0,1,1,1,
1,1,0,0,0,0,0,0,0,0,0,0,0,0,1,1,1,1,0,0,0,0,0,0,0,0,0,0,0,0,0,0,0,0,0,0,0,0,0,0,0,0,0,0,0,0,0,0,0,0,0,0,0,0,0,0,0,0,0,0,0,0,0,0,0,0,0,1,1,1,
1,1,0,0,0,0,0,0,0,0,0,0,0,0,1,1,1,1,0,0,0,0,0,0,0,0,0,0,0,0,0,0,0,0,0,0,0,0,0,0,0,0,0,0,0,1,0,0,0,0,0,0,0,0,0,0,0,0,0,0,0,0,0,0,0,0,0,1,1,1,
1,1,0,0,0,0,0,0,0,0,0,0,0,0,1,1,1,1,0,0,0,0,0,0,0,0,0,0,0,0,0,0,0,0,0,0,0,0,0,0,0,0,0,0,0,1,1,1,0,0,0,0,0,0,0,0,0,0,0,0,0,0,0,0,0,0,0,1,1,1,
1,1,0,0,0,0,0,0,0,0,0,0,0,0,1,1,1,1,0,0,0,0,0,0,0,0,0,0,0,0,0,0,0,0,0,0,0,0,0,0,0,0,0,0,0,1,1,1,1,0,0,0,0,0,0,0,0,0,0,0,0,0,0,0,0,0,0,1,1,1,
1,1,0,0,0,0,0,0,0,0,0,0,0,0,1,1,1,1,0,0,0,0,0,0,0,0,0,0,0,0,0,0,0,0,0,0,0,0,0,0,0,0,0,0,0,1,1,1,1,0,0,0,0,0,0,0,0,0,0,0,0,0,0,0,0,0,0,1,1,1,
1,1,0,0,0,0,0,0,0,0,0,0,0,0,1,1,1,1,0,0,0,0,0,0,0,0,0,0,0,0,0,0,0,0,0,0,0,0,0,0,0,0,0,0,0,1,1,1,1,0,0,0,0,0,0,0,0,0,0,0,0,0,0,0,0,0,0,1,1,1,
1,1,0,0,0,0,0,0,0,0,0,0,0,0,1,1,1,1,0,0,0,0,0,0,0,0,0,0,0,0,0,0,0,0,0,0,0,0,0,0,0,0,0,0,0,1,1,1,1,0,0,0,0,0,0,0,0,0,0,0,0,0,0,0,0,0,0,1,1,1,
1,1,0,0,0,0,0,0,0,0,0,0,0,0,1,1,1,1,0,0,0,0,0,0,0,0,0,0,0,0,0,0,0,0,0,0,0,0,0,0,0,0,0,0,0,1,1,1,1,0,0,0,0,0,0,0,0,0,0,0,0,0,0,0,0,0,0,1,1,1,
1,1,0,0,0,0,0,0,0,0,0,0,0,0,1,1,1,1,0,0,0,0,0,0,0,0,0,0,0,0,0,0,0,0,0,0,0,0,0,0,0,0,0,0,0,1,1,1,1,0,0,0,0,0,0,0,0,0,0,0,0,0,0,0,0,0,0,1,1,1,
1,1,0,0,0,0,0,0,0,0,0,0,0,0,1,1,1,1,0,0,0,0,0,0,0,0,0,0,0,0,0,0,0,0,0,0,0,0,0,0,0,0,0,0,0,1,1,1,1,0,0,0,0,0,0,0,0,0,0,0,0,0,0,0,0,0,0,1,1,1,
1,1,0,0,0,0,0,0,0,0,0,0,0,0,1,1,1,1,0,0,0,0,0,0,0,0,0,0,0,0,0,0,0,0,0,0,0,0,0,0,0,0,0,0,0,1,1,1,1,0,0,0,0,0,0,0,0,0,0,0,0,0,0,0,0,0,0,1,1,1,
1,1,0,0,0,0,0,0,0,0,0,0,0,0,1,1,1,1,0,0,0,0,0,0,0,0,0,0,0,0,0,0,0,0,0,0,0,0,0,0,0,0,0,0,0,1,1,1,1,0,0,0,0,0,0,0,0,0,0,0,0,0,0,0,0,0,0,1,1,1,
1,1,1,1,1,1,1,1,1,1,1,1,1,1,1,1,1,1,1,1,1,1,1,1,1,1,1,1,1,1,1,1,1,1,1,1,0,0,0,0,1,1,1,1,1,1,1,1,1,1,1,1,1,1,1,1,1,1,1,1,1,1,1,1,1,1,1,1,1,1,
1,1,1,1,1,1,1,1,1,1,1,1,1,1,1,1,1,1,1,1,1,1,1,1,1,1,1,1,1,1,1,1,1,1,1,1,1,0,0,0,1,1,1,1,1,1,1,1,1,1,1,1,1,1,1,1,1,1,1,1,1,1,1,1,1,1,1,1,1,1,
1,1,1,1,1,1,1,1,1,1,1,1,1,1,1,1,1,1,1,1,1,1,1,1,1,1,1,1,1,1,1,1,1,1,1,1,1,0,0,0,1,1,1,1,1,1,1,1,1,1,1,1,1,1,1,1,1,1,1,1,1,1,1,1,1,1,1,1,1,1,
1,1,1,1,1,1,1,1,1,1,1,1,1,1,1,1,1,1,1,1,1,1,1,1,1,1,1,1,1,1,1,1,1,1,1,1,1,1,0,0,1,1,1,1,1,1,1,1,1,1,1,1,1,1,1,1,1,1,1,1,1,1,1,1,1,1,1,1,1,1,
3,3,3,3,3,3,3,3,3,3,3,3,3,3,3,3,3,3,3,3,3,3,3,3,3,3,3,3,3,3,3,3,3,3,3,3,1,1,0,0,1,1,1,3,3,3,3,3,3,3,3,3,3,3,3,3,3,3,3,3,3,3,3,3,3,3,3,3,3,3,
3,3,3,3,3,3,3,3,3,3,3,3,3,3,3,3,3,3,3,3,3,3,3,3,3,3,3,3,3,3,3,3,3,3,3,3,1,1,0,0,0,1,1,3,3,3,3,3,3,3,3,3,3,3,3,3,3,3,3,3,3,3,3,3,3,3,3,3,3,3,
3,3,3,3,3,3,3,3,3,3,3,3,3,3,3,3,3,3,3,3,3,3,3,3,3,3,3,3,3,3,3,3,3,3,3,3,1,1,0,0,0,1,1,3,3,3,3,3,3,3,3,3,3,3,3,3,3,3,3,3,3,3,3,3,3,3,3,3,3,3,
3,3,3,3,3,3,3,3,3,3,3,3,3,3,3,3,3,3,3,3,3,3,3,3,3,3,3,3,3,3,3,3,3,3,3,3,1,1,0,0,0,1,1,3,3,3,3,3,3,3,3,3,3,3,3,3,3,3,3,3,3,3,3,3,3,3,3,3,3,3,
3,3,3,3,3,3,3,3,3,3,3,3,3,3,3,3,3,3,3,3,3,3,3,3,3,3,3,3,3,3,3,3,3,3,3,3,1,1,0,0,0,1,1,3,3,3,3,3,3,3,3,3,3,3,3,3,3,3,3,3,3,3,3,3,3,3,3,3,3,3,
3,3,3,3,3,3,3,3,3,3,3,3,3,3,3,3,3,3,3,3,3,3,3,3,3,3,3,3,3,3,3,3,3,3,3,3,1,1,0,0,0,1,1,3,3,3,3,3,3,3,3,3,3,3,3,3,3,3,3,3,3,3,3,3,3,3,3,3,3,3,
3,3,3,3,3,3,3,3,3,3,3,3,3,3,3,3,3,3,3,3,3,3,3,3,3,3,3,3,3,3,3,3,3,3,3,3,1,1,0,0,0,1,1,3,3,3,3,3,3,3,3,3,3,3,3,3,3,3,3,3,3,3,3,3,3,3,3,3,3,3,
3,3,3,3,3,3,3,3,3,3,3,3,3,3,3,3,3,3,3,3,3,3,3,3,3,3,3,3,3,3,3,3,3,3,3,3,1,1,0,0,0,1,1,3,3,3,3,3,3,3,3,3,3,3,3,3,3,3,3,3,3,3,3,3,3,3,3,3,3,3,
3,3,3,3,3,3,3,3,3,3,3,3,3,3,3,3,3,3,3,3,3,3,3,3,3,3,3,3,3,3,3,3,3,3,3,3,1,1,0,0,0,1,1,3,3,3,3,3,3,3,3,3,3,3,3,3,3,3,3,3,3,3,3,3,3,3,3,3,3,3,
3,3,3,3,3,3,3,3,3,3,3,3,3,3,3,3,3,3,3,3,3,3,3,3,3,3,3,3,3,3,3,3,3,3,3,3,1,1,0,0,0,1,1,3,3,3,3,3,3,3,3,3,3,3,3,3,3,3,3,3,3,3,3,3,3,3,3,3,3,3,
3,3,3,3,3,3,3,3,3,3,3,3,3,3,3,3,3,3,3,3,3,3,3,3,3,3,3,3,3,3,3,3,3,3,3,3,1,1,0,0,0,1,1,3,3,3,3,3,3,3,3,3,3,3,3,3,3,3,3,3,3,3,3,3,3,3,3,3,3,3

[event]
# to Entrance
type=event
location=38,68,3,1
activate=on_trigger
hotspot=location
intermap=maps/11_keep_entrance.txt,32,28
soundfx=soundfx/door_open.ogg,0,0
tooltip=Entrance

[event]
# to Keep Level 2
type=event
location=55,10,4,4
activate=on_trigger
hotspot=location
intermap=maps/13_keep_level_2.txt,47,7
soundfx=soundfx/environment/stairs.ogg,0,0
tooltip=Lionheart's Keep, Level 2

[event]
type=event
location=22,23,1,1
activate=on_trigger
hotspot=location
loot=loot/level_3.txt
mapmod=object,22,23,163
repeat=false
soundfx=soundfx/wood_open.ogg
tooltip=Crate

[event]
type=event
location=54,27,1,1
activate=on_trigger
hotspot=location
loot=loot/level_3.txt
loot_count=3,4
mapmod=object,54,27,160
repeat=false
soundfx=soundfx/wood_open.ogg
tooltip=Treasure Chest

[event]
type=event
location=54,30,1,1
activate=on_trigger
hotspot=location
loot=loot/level_3.txt
loot_count=3,4
mapmod=object,54,30,160
repeat=false
soundfx=soundfx/wood_open.ogg
tooltip=Treasure Chest

[event]
type=event
location=59,42,1,1
activate=on_trigger
hotspot=location
loot=loot/level_3.txt
mapmod=object,59,42,162
repeat=false
soundfx=soundfx/wood_open.ogg
tooltip=Barrel

[event]
# Wind sound
type=event
location=0,0,1,1
activate=on_load
soundfx=soundfx/environment/cave_wind_loop.ogg

[event]
# brazier sound effect
type=event
location=56,24,1,1
activate=on_load
soundfx=soundfx/environment/open_fire_loop.ogg

[event]
# brazier sound effect
type=event
location=56,33,1,1
activate=on_load
soundfx=soundfx/environment/open_fire_loop.ogg

[event]
# brazier sound effect
type=event
location=43,30,1,1
activate=on_load
soundfx=soundfx/environment/open_fire_loop.ogg

[event]
# brazier sound effect
type=event
location=34,30,1,1
activate=on_load
soundfx=soundfx/environment/open_fire_loop.ogg

[event]
# brazier sound effect
type=event
location=23,34,1,1
activate=on_load
soundfx=soundfx/environment/open_fire_loop.ogg

[event]
# brazier sound effect
type=event
location=23,23,1,1
activate=on_load
soundfx=soundfx/environment/open_fire_loop.ogg

[event]
# to Hyperspace
type=event
location=5,4,2,2
activate=on_trigger
hotspot=location
intermap=maps/hyperspace.txt,27,27
requires_status=sq_waypoint_6
soundfx=soundfx/environment/teleporter.ogg,0,0
tooltip=Hyperspace

[event]
# Unlock waypoint
type=event
location=3,2,6,6
activate=on_trigger
mapmod=background,5,5,265
msg=Lionheart's Keep Level 1 waypoint discovered.
repeat=false
requires_not_status=sq_waypoint_6
set_status=sq_waypoint_6

[event]
# Unlock waypoint (on_load)
type=event
location=8,0,1,1
activate=on_load
mapmod=background,5,5,265
requires_status=sq_waypoint_6

[enemy]
type=enemy
location=24,47,2,2
category=brute
level=11
number=1

[enemy]
type=enemy
location=6,44,2,2
category=brute
level=11
number=1

[enemy]
type=enemy
location=6,14,2,2
category=brute
level=11
number=1

[enemy]
type=enemy
location=28,10,2,2
category=brute
level=11
number=1

[enemy]
type=enemy
location=53,40,2,2
category=brute
level=11
number=1

[enemy]
type=enemy
location=61,20,2,2
category=brute
level=11
number=1

[enemy]
type=enemy
location=35,34,2,2
category=brute
level=11
number=1

[enemy]
type=enemy
location=20,43,2,2
category=archer
level=11
number=1

[enemy]
type=enemy
location=5,40,2,2
category=archer
level=11
number=1

[enemy]
type=enemy
location=39,35,2,2
category=archer
level=11
number=1

[enemy]
type=enemy
location=6,10,2,2
category=archer
level=11
number=1

[enemy]
type=enemy
location=27,6,2,2
category=archer
level=11
number=1

[enemy]
type=enemy
location=56,38,2,2
category=archer
level=11
number=1

[enemy]
type=enemy
location=58,21,2,2
category=archer
level=11
number=1

[enemy]
type=enemy
location=23,42,2,2
category=mage
level=11
number=1

[enemy]
type=enemy
location=38,31,2,2
category=mage
level=11
number=1

[enemy]
type=enemy
location=5,48,2,2
category=mage
level=11
number=1

[enemy]
type=enemy
location=10,12,2,2
category=mage
level=11
number=1

[enemy]
type=enemy
location=31,9,2,2
category=mage
level=11
number=1

[enemy]
type=enemy
location=54,20,2,2
category=mage
level=11
number=1

[enemy]
type=enemy
location=57,42,2,2
category=mage
level=11
number=1

